0,169706
1,5392
2,1296
3,1457
4,1188
5,1281
6,735
7,10835
8,1194
9,1857
10,1419
11,3259
12,1673
13,2082
14,1061
15,942
16,846
17,1071
18,867
19,947
20,887
21,1384
22,1643
23,1402
24,1384
25,1085
26,668
27,935
28,803
29,628
30,756
31,685
32,792
33,1206
34,728
35,658
36,587
37,652
38,470
39,651
40,545
41,632
42,713
43,620
44,1044
45,850
46,585
47,608
48,683
49,504
50,670
51,543
52,572
53,579
54,601
55,1234
56,512
57,525
58,552
59,432
60,530
61,433
62,465
63,386
64,503
65,487
66,820
67,460
68,413
69,2304
70,3700
71,1085
72,885
73,625
74,699
75,582
76,538
77,2701
78,856
79,994
80,873
81,559
82,534
83,1132
84,537
85,546
86,426
87,415
88,1170
89,598
90,800
91,675
92,552
93,548
94,348
95,405
96,459
97,354
98,736
99,1877
100,1156
101,9193
102,4688
103,3567
104,3638
105,3466
106,2680
107,2766
108,2789
109,2892
110,4662
111,2417
112,3667
113,2057
114,2075
115,2053
116,1673
117,2067
118,1750
119,2024
120,3025
121,2524
122,3316
123,18847
124,2740
125,2876
126,2365
127,2267
128,2139
129,1959
130,1848
131,1840
132,670
133,644
134,708
135,666
136,499
137,533
138,611
139,317
140,594
141,654
142,600
143,1598
144,583
145,747
146,456
147,5390
148,519
149,614
150,590
151,563
152,661
153,929
154,664
155,626
156,655
157,812
158,584
159,993
160,715
161,436
162,489
163,539
164,625
165,504
166,538
167,442
168,473
169,574
170,509
171,610
172,602
173,579
174,519
175,608
176,584
177,579
178,639
179,504
180,608
181,719
182,757
183,453
184,551
185,509
186,549
187,1540
188,596
189,550
190,1051
191,730
192,834
193,601
194,444
195,569
196,442
197,450
198,484
199,686
200,768
201,2787
202,6639
203,4016
204,4296
205,3465
206,3545
207,3169
208,3505
209,2737
210,4096
211,3819
212,3964
213,2723
214,3649
215,2370
216,2249
217,2311
218,2211
219,2051
220,3430
221,2274
222,1713
223,2315
224,2024
225,2294
226,2132
227,1941
228,2217
229,903
230,753
231,696
232,575
233,449
234,731
235,477
236,579
237,413
238,371
239,417
240,518
241,496
242,785
243,584
244,740
245,543
246,840
247,728
248,549
249,408
250,614
251,499
252,530
253,478
254,485
255,563
256,599
257,530
258,3272
259,438
260,603
261,423
262,358
263,419
264,515
265,490
266,498
267,377
268,494
269,692
270,519
271,386
272,372
273,345
274,555
275,474
276,455
277,542
278,413
279,638
280,527
281,464
282,591
283,542
284,484
285,593
286,492
287,489
288,563
289,492
290,462
291,478
292,454
293,432
294,338
295,370
296,398
297,404
298,475
299,373
300,943
301,2972
302,3189
303,5788
304,3679
305,3647
306,3248
307,3151
308,3227
309,3092
310,3945
311,5021
312,3915
313,2615
314,2678
315,2698
316,2565
317,2252
318,2274
319,2069
320,2338
321,3527
322,2278
323,2523
324,2382
325,2613
326,2496
327,1998
328,2369
329,2064
330,2675
331,2685
332,521
333,885
334,467
335,357
336,469
337,474
338,384
339,347
340,371
341,547
342,540
343,588
344,521
345,710
346,408
347,477
348,436
349,415
350,426
351,613
352,444
353,335
354,394
355,379
356,434
357,1086
358,529
359,391
360,439
361,386
362,340
363,532
364,372
365,537
366,413
367,412
368,422
369,1530
370,387
371,439
372,383
373,450
374,323
375,481
376,421
377,548
378,488
379,495
380,526
381,524
382,478
383,504
384,413
385,515
386,467
387,547
388,601
389,397
390,514
391,444
392,415
393,428
394,456
395,330
396,440
397,356
398,373
399,406
400,868
401,2775
402,2869
403,2779
404,5696
405,3582
406,3162
407,3205
408,3524
409,2892
410,3850
411,3975
412,4181
413,2177
414,2309
415,2698
416,2109
417,2192
418,2075
419,2129
420,8350
421,2660
422,2302
423,2406
424,2377
425,2554
426,2268
427,2046
428,2279
429,2210
430,1842
431,524
432,556
433,330
434,379
435,357
436,317
437,323
438,326
439,317
440,669
441,451
442,576
443,361
444,577
445,396
446,365
447,319
448,447
449,390
450,411
451,579
452,457
453,324
454,592
455,474
456,737
457,428
458,541
459,416
460,445
461,410
462,430
463,364
464,351
465,443
466,606
467,415
468,490
469,581
470,491
471,375
472,319
473,406
474,542
475,516
476,417
477,525
478,510
479,457
480,520
481,539
482,508
483,455
484,516
485,545
486,945
487,576
488,585
489,512
490,554
491,399
492,406
493,436
494,432
495,316
496,394
497,324
498,405
499,397
500,1017
501,2920
502,3028
503,2840
504,2828
505,6437
506,3518
507,3280
508,3498
509,2898
510,3654
511,3955
512,3850
513,2266
514,2012
515,2404
516,2000
517,2002
518,2104
519,2005
520,2191
521,2401
522,2608
523,2336
524,2189
525,2721
526,1819
527,2035
528,2041
529,1795
530,1860
531,2299
532,655
533,426
534,505
535,700
536,383
537,317
538,387
539,375
540,481
541,391
542,500
543,391
544,441
545,483
546,489
547,413
548,416
549,358
550,1157
551,435
552,396
553,382
554,363
555,826
556,374
557,388
558,479
559,441
560,462
561,476
562,364
563,335
564,448
565,519
566,533
567,400
568,408
569,496
570,444
571,740
572,447
573,310
574,417
575,460
576,436
577,453
578,551
579,550
580,597
581,436
582,535
583,480
584,543
585,583
586,578
587,716
588,579
589,454
590,471
591,496
592,507
593,462
594,339
595,474
596,364
597,420
598,422
599,603
600,652
601,2472
602,2644
603,2728
604,2986
605,2416
606,4277
607,3162
608,2966
609,3151
610,3325
611,3312
612,3746
613,2072
614,2161
615,2129
616,1926
617,1802
618,2045
619,2034
620,1911
621,2207
622,2013
623,2193
624,2211
625,2254
626,1940
627,1824
628,1985
629,1841
630,1723
631,396
632,393
633,327
634,361
635,317
636,355
637,295
638,286
639,253
640,422
641,427
642,361
643,334
644,361
645,469
646,401
647,383
648,328
649,293
650,460
651,354
652,321
653,377
654,564
655,376
656,380
657,397
658,354
659,425
660,1036
661,429
662,328
663,383
664,580
665,409
666,2932
667,333
668,349
669,496
670,435
671,404
672,351
673,360
674,459
675,398
676,566
677,487
678,659
679,480
680,432
681,465
682,496
683,353
684,458
685,491
686,508
687,470
688,554
689,507
690,1101
691,1149
692,493
693,434
694,371
695,531
696,536
697,420
698,371
699,522
700,627
701,2712
702,2617
703,2768
704,2983
705,2532
706,2198
707,5939
708,3351
709,2960
710,2954
711,4873
712,3218
713,2164
714,2396
715,2000
716,1612
717,2122
718,1769
719,1632
720,1760
721,2677
722,2010
723,2177
724,2105
725,2005
726,1625
727,2115
728,1874
729,1818
730,1356
731,1581
732,441
733,453
734,305
735,414
736,275
737,417
738,210
739,254
740,298
741,493
742,260
743,284
744,330
745,467
746,296
747,577
748,367
749,283
750,405
751,435
752,380
753,435
754,409
755,449
756,281
757,366
758,358
759,356
760,388
761,285
762,326
763,304
764,409
765,374
766,321
767,386
768,415
769,420
770,1124
771,510
772,460
773,455
774,437
775,542
776,482
777,1382
778,459
779,526
780,560
781,447
782,447
783,419
784,432
785,523
786,2083
787,600
788,564
789,895
790,490
791,691
792,395
793,338
794,309
795,393
796,354
797,555
798,361
799,392
800,1066
801,2635
802,2816
803,2828
804,2901
805,2983
806,2484
807,2520
808,6481
809,3393
810,3087
811,3525
812,3847
813,2400
814,2193
815,6144
816,2121
817,1773
818,2397
819,1903
820,1808
821,2210
822,2477
823,2141
824,2041
825,2511
826,1845
827,1752
828,2124
829,1865
830,1672
831,2168
832,480
833,437
834,354
835,278
836,302
837,259
838,335
839,183
840,284
841,427
842,388
843,398
844,407
845,372
846,334
847,285
848,317
849,278
850,416
851,318
852,3371
853,427
854,375
855,491
856,416
857,386
858,400
859,312
860,356
861,321
862,364
863,374
864,441
865,414
866,412
867,375
868,351
869,471
870,455
871,420
872,340
873,352
874,435
875,488
876,519
877,455
878,479
879,515
880,1456
881,507
882,449
883,520
884,453
885,511
886,537
887,543
888,725
889,516
890,693
891,1039
892,510
893,491
894,308
895,426
896,443
897,553
898,681
899,547
900,763
901,2804
902,2843
903,2636
904,2604
905,2578
906,2856
907,3509
908,2598
909,8862
910,3144
911,5473
912,3761
913,2333
914,2124
915,2136
916,2050
917,2068
918,2311
919,2503
920,2026
921,2657
922,2236
923,2568
924,2173
925,2189
926,1824
927,2131
928,2333
929,1983
930,1895
931,466
932,448
933,357
934,269
935,416
936,448
937,319
938,292
939,268
940,311
941,363
942,459
943,357
944,405
945,475
946,353
947,325
948,320
949,315
950,330
951,413
952,343
953,434
954,430
955,415
956,317
957,403
958,369
959,343
960,392
961,332
962,351
963,642
964,306
965,350
966,390
967,259
968,412
969,492
970,366
971,469
972,461
973,475
974,398
975,406
976,493
977,475
978,697
979,517
980,587
981,446
982,687
983,387
984,508
985,542
986,614
987,8964
988,582
989,633
990,1366
991,859
992,483
993,421
994,370
995,471
996,465
997,362
998,427
999,851
1000,13841
1001,14148
1002,8520
1003,7374
1004,15947
1005,7327
1006,6214
1007,8156
1008,6855
1009,5705
1010,34012
1011,9269
1012,10123
1013,7068
1014,6141
1015,6652
1016,5820
1017,6241
1018,5823
1019,5210
1020,11565
1021,6860
1022,32221
1023,8581
1024,9446
1025,7205
1026,6174
1027,5650
1028,6337
1029,7322
1030,6158
1031,6641
1032,1938
1033,1985
1034,1388
1035,1563
1036,1375
1037,1235
1038,1211
1039,1193
1040,2484
1041,1274
1042,1412
1043,1546
1044,1546
1045,1659
1046,1270
1047,1363
1048,1437
1049,1344
1050,2188
1051,1636
1052,2558
1053,1386
1054,1518
1055,1974
1056,1486
1057,1581
1058,1339
1059,1488
1060,1699
1061,1163
1062,1222
1063,1577
1064,1478
1065,1432
1066,4402
1067,1294
1068,1374
1069,2038
1070,1779
1071,1861
1072,1472
1073,1314
1074,1483
1075,1656
1076,1261
1077,1823
1078,1451
1079,1464
1080,2759
1081,1386
1082,1498
1083,1434
1084,1533
1085,1599
1086,1550
1087,1361
1088,1936
1089,1641
1090,1944
1091,1349
1092,2184
1093,1324
1094,1030
1095,1261
1096,1176
1097,1167
1098,1942
1099,1788
1100,5398
1101,7540
1102,8183
1103,7746
1104,7620
1105,7274
1106,6780
1107,7296
1108,6387
1109,6472
1110,5548
1111,286195
1112,11361
1113,6213
1114,7540
1115,5218
1116,4378
1117,5568
1118,5010
1119,5096
1120,6836
1121,10103
1122,32474
1123,12670
1124,8142
1125,7455
1126,6204
1127,6488
1128,6416
1129,5902
1130,5566
1131,2271
1132,2032
1133,4122
1134,6566
1135,1696
1136,1484
1137,1547
1138,2492
1139,1258
1140,1658
1141,1945
1142,1609
1143,1940
1144,3615
1145,1985
1146,1350
1147,2344
1148,1462
1149,1359
1150,2169
1151,1912
1152,1611
1153,1627
1154,1597
1155,3288
1156,2057
1157,1769
1158,1612
1159,1753
1160,1543
1161,1507
1162,1351
1163,1557
1164,1555
1165,1598
1166,2104
1167,1449
1168,1594
1169,2036
1170,1776
1171,1783
1172,1605
1173,2310
1174,1917
1175,1740
1176,1637
1177,3356
1178,1955
1179,1686
1180,1917
1181,2094
1182,1819
1183,1627
1184,1688
1185,1619
1186,1636
1187,2121
1188,3110
1189,1775
1190,1675
1191,1736
1192,3329
1193,1363
1194,1452
1195,1467
1196,1418
1197,1481
1198,1553
1199,2943
1200,4625
1201,7365
1202,7113
1203,7742
1204,8423
1205,8396
1206,7307
1207,6846
1208,8193
1209,8010
1210,10105
1211,9785
1212,78459
1213,13070
1214,8417
1215,8537
1216,6647
1217,6437
1218,7245
1219,6056
1220,7336
1221,17922
1222,6960
1223,11227
1224,10948
1225,12091
1226,7252
1227,6706
1228,7138
1229,5641
1230,25270
1231,13370
1232,4557
1233,8205
1234,1371079
1235,11209
1236,9203
1237,2379
1238,2234
1239,2455
1240,2078
1241,1797
1242,2172
1243,4506
1244,2335
1245,9171
1246,2030
1247,2159
1248,3007
1249,1617
1250,2927
1251,1834
1252,1878
1253,1827
1254,4952
1255,2562
1256,5658
1257,2369
1258,3879
1259,1796
1260,1861
1261,1422
1262,1460
1263,1794
1264,1650
1265,1831
1266,1810
1267,1801
1268,1776
1269,3448
1270,1762
1271,1592
1272,1558
1273,1507
1274,1798
1275,2017
1276,1583
1277,2206
1278,2636
1279,1957
1280,2054
1281,2249
1282,1644
1283,1793
1284,2037
1285,1989
1286,1648
1287,1900
1288,2443
1289,2895
1290,3110
1291,1437
1292,1280
1293,1563
1294,1292
1295,1386
1296,1646
1297,1458
1298,2132
1299,2316
1300,2742
1301,4261
1302,4653
1303,4744
1304,4255
1305,4726
1306,3921
1307,4386
1308,4778
1309,3976
1310,4841
1311,5091
1312,5709
1313,39267
1314,7866
1315,2712
1316,2262
1317,2439
1318,3204
1319,2040
1320,3040
1321,3565
1322,2899
1323,3735
1324,8465
1325,3143
1326,2720
1327,2251
1328,2095
1329,1919
1330,2017
1331,5447
1332,1862
1333,1991
1334,1736
1335,1587
1336,1284
1337,5385
1338,1404
1339,1354
1340,2290
1341,1749
1342,166078
1343,1537
1344,2351
1345,2966
1346,3154
1347,1833
1348,1803
1349,1843
1350,2464
1351,1807
1352,2050
1353,1648
1354,2032
1355,2138
1356,2358
1357,12460
1358,2707
1359,2402
1360,2289
1361,1734
1362,1901
1363,2072
1364,2380
1365,2168
1366,2266
1367,1760
1368,2046
1369,6039
1370,1938
1371,1684
1372,1630
1373,1686
1374,1508
1375,1678
1376,1451
1377,2135
1378,1658
1379,5579
1380,2115
1381,1580
1382,1301
1383,1320
1384,1378
1385,1565
1386,1443
1387,1404
1388,2272
1389,1583
1390,1602
1391,1435
1392,1343
1393,1195
1394,1422
1395,1136
1396,1206
1397,2629
1398,1364
1399,1645
1400,2871
1401,3982
1402,5748
1403,3886
1404,4716
1405,4889
1406,4442
1407,4722
1408,4671
1409,4074
1410,5489
1411,6327
1412,6362
1413,2063
1414,15272
1415,4051
1416,2201
1417,2244
1418,2882
1419,1763
1420,3424
1421,2534
1422,2627
1423,3589
1424,2569
1425,3713
1426,1917
1427,1928
1428,2690
1429,1632
1430,2438
1431,2129
1432,6840
1433,2291
1434,2313
1435,2217
1436,2341
1437,2772
1438,1438
1439,1229
1440,1798
1441,2961
1442,1457
1443,1296
1444,1769
1445,1542
1446,1233
1447,1711
1448,1249
1449,1139
1450,1603
1451,1452
1452,3475
1453,8645
1454,1479
1455,1617
1456,3396
1457,1714
1458,2119
1459,1526
1460,1169
1461,1101
1462,1074
1463,1417
1464,1200
1465,1209
1466,1217
1467,1319
1468,1514
1469,2466
1470,2898
1471,2011
1472,3402
1473,1178
1474,1617
1475,2035
1476,1377
1477,2414
1478,6195
1479,1748
1480,1546
1481,1207
1482,1324
1483,1191
1484,1466
1485,1361
1486,1284
1487,1317
1488,7342
1489,1458
1490,1329
1491,1353
1492,5834
1493,1153
1494,935
1495,1203
1496,1164
1497,967
1498,1119
1499,1149
1500,3367
1501,3747
1502,4054
1503,4212
1504,4378
1505,4658
1506,3831
1507,3756
1508,4125
1509,3657
1510,4356
1511,4330
1512,4656
1513,1774
1514,1651
1515,13693
1516,3090
1517,2148
1518,2036
1519,2062
1520,2590
1521,2978
1522,2106
1523,2993
1524,2499
1525,2908
1526,2130
1527,1706
1528,1577
1529,1502
1530,2518
1531,1706
1532,2050
1533,1635
1534,1286
1535,1720
1536,1410
1537,1263
1538,1137
1539,1222
1540,1410
1541,1962
1542,1977
1543,1364
1544,1346
1545,1577
1546,1368
1547,1216
1548,1551
1549,991
1550,1625
1551,2799
1552,1120
1553,1338
1554,1366
1555,1905
1556,1296
1557,1356
1558,1228
1559,1478
1560,1361
1561,1156
1562,1365
1563,1343
1564,1346
1565,1281
1566,1309
1567,1409
1568,1327
1569,1705
1570,1464
1571,1206
1572,1199
1573,1030
1574,1367
1575,1630
1576,1193
1577,1427
1578,1501
1579,1640
1580,3142
1581,1208
1582,1435
1583,1382
1584,1357
1585,1461
1586,1336
1587,1445
1588,1936
1589,1810
1590,2887
1591,1702
1592,1373
1593,1604
1594,1031
1595,1705
1596,1914
1597,1827
1598,2141
1599,1916
1600,2055
1601,3190
1602,3481
1603,3535
1604,3960
1605,3994
1606,3569
1607,3022
1608,3507
1609,3271
1610,3855
1611,3753
1612,3926
1613,1509
1614,1326
1615,1237
1616,7476
1617,2329
1618,2583
1619,1989
1620,2418
1621,2038
1622,1903
1623,2165
1624,1994
1625,2016
1626,1742
1627,1426
1628,1909
1629,1225
1630,1479
1631,1229
1632,1590
1633,1351
1634,1265
1635,1116
1636,1223
1637,931
1638,1108
1639,866
1640,1210
1641,1108
1642,1173
1643,1191
1644,1165
1645,1269
1646,1039
1647,973
1648,1279
1649,1022
1650,1309
1651,1056
1652,1094
1653,999
1654,1233
1655,1033
1656,1131
1657,854
1658,996
1659,1028
1660,1213
1661,2191
1662,1151
1663,1016
1664,3809
1665,1070
1666,1769
1667,1329
1668,1205
1669,1529
1670,1290
1671,1049
1672,1103
1673,951
1674,972
1675,1189
1676,1008
1677,1117
1678,1374
1679,1210
1680,1811
1681,1146
1682,1339
1683,1047
1684,1169
1685,1189
1686,1219
1687,1161
1688,2527
1689,1177
1690,1579
1691,1335
1692,1047
1693,1030
1694,932
1695,998
1696,1119
1697,889
1698,991
1699,1163
1700,1562
1701,7529
1702,3787
1703,3714
1704,3843
1705,4118
1706,3126
1707,3778
1708,5215
1709,4472
1710,3935
1711,3999
1712,4060
1713,1425
1714,1726
1715,1896
1716,1328
1717,10139
1718,2607
1719,1895
1720,1835
1721,2287
1722,1810
1723,2039
1724,1720
1725,2230
1726,1444
1727,1893
1728,1780
1729,1498
1730,1803
1731,1417
1732,1488
1733,1289
1734,1266
1735,1208
1736,923
1737,997
1738,2112
1739,1304
1740,1025
1741,1163
1742,1080
1743,1050
1744,1269
1745,1388
1746,929
1747,1190
1748,1068
1749,1102
1750,1273
1751,1083
1752,1078
1753,1195
1754,1267
1755,1359
1756,1437
1757,1072
1758,1007
1759,1362
1760,1091
1761,803
1762,884
1763,1075
1764,971
1765,1101
1766,999
1767,888
1768,853
1769,1232
1770,1414
1771,2557
1772,1218
1773,1214
1774,1207
1775,1781
1776,3763
1777,2115
1778,1190
1779,1236
1780,1323
1781,1138
1782,1168
1783,1535
1784,1216
1785,1300
1786,1456
1787,1213
1788,1490
1789,3774
1790,1076
1791,1447
1792,1083
1793,2441
1794,840
1795,862
1796,712
1797,1005
1798,1193
1799,1150
1800,3059
1801,3420
1802,3539
1803,3518
1804,4053
1805,3905
1806,3390
1807,3249
1808,3688
1809,3236
1810,3885
1811,3703
1812,6142
1813,1366
1814,1810
1815,1647
1816,1305
1817,1226
1818,10786
1819,2535
1820,2049
1821,2797
1822,2041
1823,1930
1824,2260
1825,1964
1826,1536
1827,1540
1828,1864
1829,1428
1830,1512
1831,1517
1832,1366
1833,1236
1834,1151
1835,1320
1836,1778
1837,914
1838,1064
1839,852
1840,1119
1841,972
1842,1036
1843,1054
1844,1456
1845,1331
1846,971
1847,1053
1848,1658
1849,962
1850,1337
1851,974
1852,1204
1853,1128
1854,1174
1855,1492
1856,1392
1857,1044
1858,1170
1859,941
1860,2158
1861,1348
1862,1086
1863,1224
1864,1464
1865,1370
1866,1022
1867,1124
1868,1823
1869,1872
1870,1526
1871,1571
1872,1220
1873,1228
1874,1826
1875,1272
1876,1496
1877,1859
1878,1478
1879,1719
1880,1509
1881,3673
1882,1490
1883,1305
1884,1305
1885,1363
1886,1436
1887,1385
1888,2687
1889,1322
1890,1411
1891,1674
1892,1554
1893,1138
1894,1118
1895,1257
1896,1391
1897,1076
1898,1227
1899,2045
1900,4206
1901,4012
1902,4049
1903,7096
1904,5016
1905,8154
1906,4577
1907,8745
1908,5001
1909,4331
1910,4860
1911,6238
1912,5354
1913,2620
1914,5166
1915,2288
1916,2620
1917,3268
1918,2619
1919,10194
1920,4141
1921,3304
1922,3447
1923,3496
1924,2908
1925,3780
1926,3021
1927,3231
1928,4255
1929,3110
1930,2856
1931,2521
1932,2870
1933,3386
1934,2936
1935,3052
1936,3627
1937,4320
1938,3639
1939,3749
1940,4064
1941,5220
1942,5443
1943,4753
1944,5438
1945,32585
1946,6046
1947,7675
1948,7634
1949,7253
1950,8873
1951,32250
1952,8332
1953,9022
1954,10575
1955,12174
1956,11811
1957,12914
1958,12631
1959,13139
1960,14084
1961,13657
1962,15060
1963,17058
1964,18390
1965,18333
1966,20702
1967,19340
1968,20816
1969,26804
1970,22435
1971,22343
1972,25061
1973,27083
1974,27784
1975,29315
1976,29459
1977,32221
1978,31140
1979,33161
1980,36224
1981,31597
1982,34381
1983,32681
1984,39846
1985,38884
1986,61148
1987,39097
1988,33634
1989,55120
1990,29779
1991,29942
1992,27872
1993,26134
1994,25668
1995,25316
1996,22132
1997,20046
1998,18836
1999,20791
2000,35138
2001,20563
2002,22240
2003,18507
2004,43832
2005,26723
2006,18963
2007,19047
2008,19407
2009,16597
2010,20027
2011,13828
2012,12754
2013,5788
2014,5874
2015,5791
2016,3092
2017,2049
2018,1827
2019,1800
2020,18563
2021,3109
2022,2486
2023,2020
2024,2069
2025,2182
2026,1542
2027,1659
2028,1475
2029,1485
2030,3157
2031,1475
2032,1366
2033,1515
2034,1071
2035,1211
2036,1115
2037,903
2038,1030
2039,937
2040,2237
2041,1090
2042,1206
2043,1048
2044,1140
2045,1220
2046,2060
2047,1075
2048,1197
2049,901
2050,2059
2051,1776
2052,1156
2053,985
2054,1225
2055,1461
2056,1099
2057,997
2058,1206
2059,979
2060,1337
2061,1108
2062,991
2063,976
2064,1037
2065,1080
2066,1050
2067,898
2068,1850
2069,1070
2070,1106
2071,1160
2072,885
2073,698
2074,1001
2075,1085
2076,1076
2077,1209
2078,922
2079,1033
2080,1544
2081,1403
2082,1503
2083,1202
2084,1038
2085,1179
2086,1010
2087,1025
2088,1186
2089,921
2090,1139
2091,1247
2092,1209
2093,797
2094,787
2095,930
2096,972
2097,942
2098,1148
2099,1316
2100,3429
2101,4382
2102,3835
2103,4625
2104,5281
2105,4375
2106,4394
2107,4384
2108,4006
2109,3946
2110,4743
2111,4594
2112,22287
2113,2361
2114,2059
2115,2031
2116,1648
2117,1784
2118,1879
2119,1668
2120,2341
2121,24930
2122,3999
2123,3727
2124,2470
2125,2621
2126,1761
2127,1950
2128,1762
2129,1742
2130,2034
2131,2679
2132,1847
2133,1805
2134,2856
2135,1426
2136,1362
2137,1148
2138,1099
2139,1092
2140,1642
2141,1859
2142,1827
2143,4331
2144,1608
2145,2000
2146,1179
2147,1700
2148,1254
2149,1160
2150,1786
2151,1298
2152,1159
2153,1123
2154,1511
2155,1618
2156,1393
2157,1150
2158,1141
2159,1142
2160,1232
2161,1417
2162,1224
2163,1232
2164,1118
2165,1323
2166,1340
2167,1109
2168,1081
2169,1854
2170,1318
2171,1198
2172,1010
2173,1093
2174,1085
2175,1295
2176,1296
2177,1509
2178,1263
2179,1054
2180,1493
2181,1296
2182,1222
2183,1108
2184,1374
2185,1347
2186,1086
2187,1264
2188,1585
2189,1016
2190,1289
2191,1220
2192,1200
2193,1027
2194,933
2195,1133
2196,943
2197,969
2198,1170
2199,1198
2200,3579
2201,4572
2202,5606
2203,4213
2204,4838
2205,4948
2206,4194
2207,4217
2208,4627
2209,3748
2210,5897
2211,8516
2212,7106
2213,2683
2214,2296
2215,2230
2216,1807
2217,1731
2218,1790
2219,1630
2220,1607
2221,2234
2222,55862
2223,3348
2224,2592
2225,2172
2226,1792
2227,1804
2228,1607
2229,2462
2230,1881
2231,2096
2232,2408
2233,7579
2234,2922
2235,1661
2236,3268
2237,1343
2238,1369
2239,1067
2240,1471
2241,1378
2242,1845
2243,2089
2244,6307
2245,1802
2246,1534
2247,1388
2248,1538
2249,1048
2250,1754
2251,1404
2252,1948
2253,1232
2254,1668
2255,5390
2256,1657
2257,1330
2258,1822
2259,1332
2260,1335
2261,1181
2262,1657
2263,1299
2264,1393
2265,1363
2266,2333
2267,1283
2268,1217
2269,2016
2270,1176
2271,1173
2272,1839
2273,1353
2274,2027
2275,1642
2276,1350
2277,3454
2278,1756
2279,1224
2280,1540
2281,1365
2282,1704
2283,1398
2284,1367
2285,1474
2286,1318
2287,1678
2288,3321
2289,1329
2290,1292
2291,1036
2292,1295
2293,945
2294,950
2295,965
2296,1174
2297,1028
2298,1130
2299,1861
2300,2217
2301,4119
2302,3970
2303,4421
2304,4488
2305,4510
2306,4040
2307,3812
2308,3633
2309,3835
2310,5265
2311,6167
2312,5568
2313,2160
2314,2689
2315,2189
2316,2024
2317,1599
2318,1863
2319,1920
2320,1819
2321,2341
2322,1854
2323,24624
2324,3873
2325,2729
2326,3062
2327,2730
2328,1725
2329,1653
2330,1638
2331,1639
2332,4194
2333,2455
2334,1950
2335,1385
2336,1389
2337,1918
2338,941
2339,1113
2340,1164
2341,2212
2342,1486
2343,1519
2344,1759
2345,11098
2346,1415
2347,1474
2348,1418
2349,1204
2350,1295
2351,1304
2352,1177
2353,1181
2354,1509
2355,1710
2356,3443
2357,2547
2358,1900
2359,1395
2360,1325
2361,1093
2362,1143
2363,1294
2364,1154
2365,1844
2366,1696
2367,1447
2368,1466
2369,3086
2370,1059
2371,1153
2372,1025
2373,1108
2374,1114
2375,1404
2376,1083
2377,1692
2378,1906
2379,1313
2380,1347
2381,1318
2382,1137
2383,1407
2384,1586
2385,1250
2386,1272
2387,1166
2388,1619
2389,1695
2390,1272
2391,1202
2392,911
2393,1070
2394,1003
2395,974
2396,1001
2397,1093
2398,1097
2399,1167
2400,2126
2401,3456
2402,3470
2403,3876
2404,4197
2405,3881
2406,3666
2407,3593
2408,3566
2409,3230
2410,4899
2411,4546
2412,5032
2413,1767
2414,1979
2415,1841
2416,1666
2417,1526
2418,1513
2419,1324
2420,1616
2421,1640
2422,1702
2423,1683
2424,15082
2425,3188
2426,2340
2427,1807
2428,2002
2429,1340
2430,1560
2431,1613
2432,1602
2433,1352
2434,1360
2435,1705
2436,1575
2437,949
2438,1002
2439,1092
2440,1054
2441,1223
2442,2823
2443,1343
2444,1312
2445,1314
2446,1135
2447,1331
2448,1870
2449,907
2450,1387
2451,1347
2452,1380
2453,1366
2454,1338
2455,2158
2456,2193
2457,1316
2458,1442
2459,1231
2460,1457
2461,1240
2462,1230
2463,1111
2464,1414
2465,1329
2466,1521
2467,1398
2468,27614
2469,3887
2470,1263
2471,1143
2472,1143
2473,1221
2474,1361
2475,1369
2476,1208
2477,1501
2478,1427
2479,1540
2480,1660
2481,1244
2482,1415
2483,1217
2484,1302
2485,1236
2486,3469
2487,1244
2488,1648
2489,1443
2490,1149
2491,996
2492,1145
2493,894
2494,1070
2495,954
2496,1106
2497,1125
2498,1219
2499,2104
2500,3158
2501,5131
2502,3714
2503,3989
2504,4812
2505,5026
2506,4190
2507,3934
2508,4460
2509,4064
2510,5759
2511,5582
2512,5284
2513,2351
2514,2700
2515,2554
2516,2310
2517,2983
2518,2599
2519,2693
2520,2968
2521,3081
2522,3346
2523,3173
2524,2860
2525,22060
2526,4313
2527,2735
2528,2653
2529,2234
2530,2524
2531,2107
2532,1813
2533,1720
2534,1762
2535,2248
2536,2445
2537,1242
2538,1384
2539,2270
2540,1373
2541,1812
2542,1401
2543,1248
2544,1313
2545,1746
2546,1705
2547,1503
2548,1441
2549,1203
2550,1866
2551,1290
2552,3759
2553,1189
2554,1494
2555,1673
2556,1375
2557,1162
2558,1411
2559,1141
2560,1143
2561,1046
2562,1088
2563,1796
2564,1309
2565,1356
2566,1322
2567,1232
2568,1228
2569,1964
2570,1146
2571,1176
2572,883
2573,900
2574,1004
2575,1630
2576,997
2577,1477
2578,1421
2579,1414
2580,21711
2581,1251
2582,1625
2583,1753
2584,1438
2585,1815
2586,1525
2587,1770
2588,1956
2589,2566
2590,1278
2591,1394
2592,1018
2593,940
2594,859
2595,1015
2596,889
2597,942
2598,948
2599,1349
2600,1902
2601,3471
2602,3065
2603,3369
2604,3546
2605,3415
2606,3570
2607,2972
2608,3270
2609,3079
2610,3817
2611,3856
2612,3492
2613,1486
2614,1196
2615,1256
2616,1292
2617,1141
2618,1274
2619,1167
2620,1087
2621,1164
2622,1390
2623,1188
2624,1358
2625,1302
2626,7348
2627,2159
2628,1783
2629,1445
2630,1317
2631,1141
2632,1014
2633,1209
2634,1069
2635,1104
2636,1307
2637,860
2638,909
2639,1483
2640,1029
2641,931
2642,924
2643,995
2644,1044
2645,1266
2646,1207
2647,928
2648,1234
2649,949
2650,1197
2651,1025
2652,1117
2653,1312
2654,1189
2655,945
2656,1096
2657,1032
2658,1084
2659,1183
2660,998
2661,921
2662,2496
2663,1617
2664,1219
2665,1393
2666,1176
2667,1239
2668,1167
2669,1190
2670,879
2671,952
2672,871
2673,800
2674,1049
2675,952
2676,1052
2677,1413
2678,1175
2679,1143
2680,1172
2681,866
2682,1005
2683,1057
2684,1784
2685,1095
2686,1243
2687,1100
2688,1123
2689,1134
2690,1036
2691,1386
2692,1062
2693,924
2694,887
2695,1097
2696,973
2697,940
2698,889
2699,1019
2700,1493
2701,2820
2702,2852
2703,3295
2704,3293
2705,3406
2706,3087
2707,3701
2708,2640
2709,2898
2710,4171
2711,4109
2712,3574
2713,1228
2714,1463
2715,1280
2716,1012
2717,1158
2718,1284
2719,976
2720,1104
2721,1094
2722,1610
2723,1295
2724,1082
2725,1085
2726,1145
2727,7846
2728,2148
2729,1518
2730,1405
2731,1114
2732,943
2733,1168
2734,851
2735,866
2736,835
2737,1131
2738,856
2739,902
2740,909
2741,1032
2742,799
2743,822
2744,1067
2745,927
2746,842
2747,1240
2748,1107
2749,870
2750,1188
2751,932
2752,977
2753,871
2754,1140
2755,951
2756,973
2757,1131
2758,1014
2759,826
2760,953
2761,802
2762,785
2763,972
2764,968
2765,1040
2766,1020
2767,913
2768,784
2769,1143
2770,1030
2771,1049
2772,1974
2773,977
2774,1057
2775,1067
2776,994
2777,1240
2778,912
2779,1063
2780,1054
2781,1094
2782,1088
2783,1021
2784,1000
2785,990
2786,1139
2787,1173
2788,1141
2789,1222
2790,1086
2791,1506
2792,925
2793,773
2794,775
2795,975
2796,789
2797,812
2798,910
2799,980
2800,1531
2801,3169
2802,3568
2803,3030
2804,3449
2805,3514
2806,3314
2807,2709
2808,3448
2809,2904
2810,3812
2811,3667
2812,3853
2813,1200
2814,1309
2815,1232
2816,1373
2817,1075
2818,1192
2819,1025
2820,1283
2821,1286
2822,1449
2823,1221
2824,1113
2825,1284
2826,1113
2827,1095
2828,6598
2829,1848
2830,1278
2831,1176
2832,1120
2833,1193
2834,1077
2835,883
2836,854
2837,955
2838,953
2839,923
2840,940
2841,835
2842,912
2843,845
2844,1039
2845,1001
2846,1977
2847,925
2848,1967
2849,958
2850,1131
2851,763
2852,976
2853,933
2854,1014
2855,1122
2856,981
2857,804
2858,1067
2859,815
2860,885
2861,757
2862,861
2863,967
2864,1307
2865,898
2866,1006
2867,815
2868,1274
2869,1130
2870,879
2871,1542
2872,867
2873,988
2874,1035
2875,1245
2876,1082
2877,1045
2878,1314
2879,1799
2880,1298
2881,1130
2882,2262
2883,1120
2884,1120
2885,1146
2886,996
2887,1197
2888,1319
2889,984
2890,956
2891,1726
2892,1111
2893,905
2894,731
2895,936
2896,801
2897,742
2898,952
2899,933
2900,1287
2901,2805
2902,1322
2903,2871
2904,3350
2905,3299
2906,2544
2907,2730
2908,2597
2909,3079
2910,3024
2911,3641
2912,3045
2913,1216
2914,1072
2915,1018
2916,1024
2917,912
2918,1642
2919,977
2920,1090
2921,1000
2922,1176
2923,890
2924,962
2925,1143
2926,959
2927,966
2928,990
2929,4491
2930,1502
2931,1138
2932,836
2933,1057
2934,872
2935,863
2936,820
2937,731
2938,802
2939,874
2940,945
2941,766
2942,733
2943,758
2944,907
2945,858
2946,702
2947,811
2948,946
2949,886
2950,958
2951,860
2952,854
2953,793
2954,946
2955,863
2956,905
2957,951
2958,995
2959,949
2960,788
2961,817
2962,740
2963,777
2964,969
2965,916
2966,802
2967,881
2968,908
2969,1120
2970,808
2971,1707
2972,1262
2973,1047
2974,969
2975,1038
2976,948
2977,1034
2978,1020
2979,994
2980,1137
2981,911
2982,1297
2983,1037
2984,963
2985,949
2986,933
2987,1071
2988,1007
2989,1760
2990,1027
2991,1228
2992,1510
2993,986
2994,797
2995,974
2996,957
2997,923
2998,902
2999,1079
3000,4247
3001,3299
3002,1407
3003,5386
3004,3620
3005,3257
3006,4998
3007,2923
3008,3134
3009,3135
3010,3583
3011,3431
3012,3254
3013,1331
3014,1295
3015,1296
3016,1067
3017,939
3018,1077
3019,1078
3020,1727
3021,1462
3022,1494
3023,1202
3024,1334
3025,1160
3026,1029
3027,1021
3028,955
3029,1064
3030,6723
3031,1726
3032,1128
3033,1406
3034,1030
3035,1100
3036,1039
3037,967
3038,919
3039,847
3040,1578
3041,992
3042,811
3043,730
3044,1074
3045,1035
3046,713
3047,825
3048,869
3049,757
3050,1257
3051,837
3052,827
3053,758
3054,976
3055,1114
3056,983
3057,815
3058,749
3059,780
3060,1241
3061,766
3062,832
3063,789
3064,859
3065,872
3066,926
3067,766
3068,802
3069,960
3070,1029
3071,1003
3072,677
3073,708
3074,734
3075,797
3076,740
3077,877
3078,842
3079,843
3080,1177
3081,872
3082,907
3083,637
3084,900
3085,919
3086,706
3087,788
3088,1032
3089,823
3090,951
3091,720
3092,779
3093,861
3094,689
3095,830
3096,685
3097,656
3098,786
3099,781
3100,4099
3101,4358
3102,1229
3103,3480
3104,1848
3105,3687
3106,1074
3107,3008
3108,3203
3109,1226
3110,4659
3111,1962
3112,4970
3113,2877
3114,1375
3115,1522
3116,1186
3117,1323
3118,1304
3119,1369
3120,1709
3121,2053
3122,1623
3123,1919
3124,1624
3125,1841
3126,1199
3127,1302
3128,2349
3129,1055
3130,1356
3131,6468
3132,1576
3133,1787
3134,1042
3135,1009
3136,1048
3137,1132
3138,924
3139,1082
3140,1193
3141,2782
3142,1522
3143,1040
3144,1211
3145,1338
3146,1112
3147,957
3148,1071
3149,752
3150,1300
3151,1331
3152,1227
3153,905
3154,1021
3155,1271
3156,1037
3157,864
3158,958
3159,1044
3160,1022
3161,1090
3162,985
3163,925
3164,1172
3165,1030
3166,1147
3167,842
3168,1068
3169,1164
3170,1076
3171,955
3172,758
3173,1062
3174,1015
3175,1087
3176,990
3177,1108
3178,839
3179,1123
3180,1165
3181,1061
3182,2574
3183,870
3184,976
3185,1054
3186,1025
3187,890
3188,1098
3189,1048
3190,995
3191,1018
3192,851
3193,838
3194,895
3195,818
3196,891
3197,1006
3198,855
3199,1056
3200,1974
3201,1562
3202,1223
3203,1058
3204,1181
3205,1026
3206,1000
3207,876
3208,1156
3209,1117
3210,4689
3211,2947
3212,1827
3213,1677
3214,3845
3215,1795
3216,1751
3217,1266
3218,1231
3219,1134
3220,1477
3221,1846
3222,1256
3223,2419
3224,1227
3225,1365
3226,1023
3227,1026
3228,1227
3229,964
3230,1578
3231,1333
3232,8934
3233,1985
3234,1654
3235,1301
3236,1392
3237,1037
3238,837
3239,916
3240,1167
3241,1335
3242,1379
3243,967
3244,1127
3245,1477
3246,1141
3247,898
3248,1032
3249,887
3250,1812
3251,1273
3252,1305
3253,1108
3254,1371
3255,1264
3256,1659
3257,1013
3258,1238
3259,1058
3260,1125
3261,944
3262,1296
3263,953
3264,1495
3265,1668
3266,1253
3267,996
3268,840
3269,1088
3270,955
3271,889
3272,871
3273,735
3274,936
3275,1126
3276,944
3277,1023
3278,1330
3279,976
3280,1046
3281,952
3282,1938
3283,1793
3284,953
3285,945
3286,1008
3287,1054
3288,1174
3289,972
3290,968
3291,926
3292,966
3293,1196
3294,814
3295,817
3296,1237
3297,882
3298,940
3299,869
3300,2023
3301,1344
3302,1138
3303,1685
3304,1048
3305,1074
3306,1167
3307,1096
3308,1121
3309,1059
3310,2571
3311,2368
3312,1673
3313,1958
3314,1235
3315,1302
3316,1249
3317,1182
3318,1260
3319,1029
3320,1270
3321,2264
3322,2790
3323,2365
3324,1384
3325,1528
3326,1439
3327,1002
3328,1005
3329,934
3330,1434
3331,1784
3332,1571
3333,35828
3334,1765
3335,1283
3336,1481
3337,1426
3338,1000
3339,1779
3340,1170
3341,1135
3342,1225
3343,1426
3344,3488
3345,1592
3346,1017
3347,902
3348,984
3349,855
3350,906
3351,993
3352,1040
3353,1126
3354,1174
3355,2824
3356,1037
3357,1091
3358,912
3359,1224
3360,1031
3361,1012
3362,1215
3363,1364
3364,967
3365,1154
3366,3083
3367,826
3368,926
3369,2259
3370,1093
3371,940
3372,1001
3373,1465
3374,1017
3375,933
3376,1384
3377,2613
3378,1069
3379,955
3380,996
3381,1047
3382,999
3383,1425
3384,969
3385,972
3386,1143
3387,1051
3388,2443
3389,991
3390,1073
3391,1006
3392,908
3393,1327
3394,884
3395,1027
3396,1049
3397,887
3398,1020
3399,1948
3400,1429
3401,1103
3402,914
3403,793
3404,962
3405,1083
3406,1046
3407,889
3408,932
3409,884
3410,1322
3411,1498
3412,1981
3413,934
3414,1040
3415,1183
3416,1065
3417,964
3418,814
3419,889
3420,1105
3421,1548
3422,1077
3423,1160
3424,1180
3425,1401
3426,1084
3427,1023
3428,1040
3429,936
3430,942
3431,1000
3432,1184
3433,1122
3434,6954
3435,1662
3436,1173
3437,941
3438,930
3439,892
3440,821
3441,1051
3442,1036
3443,1713
3444,1259
3445,1262
3446,1039
3447,1046
3448,946
3449,759
3450,1004
3451,1126
3452,2482
3453,1022
3454,1275
3455,1347
3456,7835
3457,1396
3458,1074
3459,1017
3460,849
3461,985
3462,952
3463,820
3464,965
3465,1061
3466,1208
3467,1103
3468,1034
3469,955
3470,920
3471,935
3472,877
3473,982
3474,1433
3475,963
3476,904
3477,1099
3478,1412
3479,970
3480,900
3481,803
3482,1017
3483,836
3484,881
3485,873
3486,965
3487,920
3488,981
3489,1168
3490,897
3491,1072
3492,895
3493,811
3494,723
3495,808
3496,830
3497,840
3498,689
3499,981
3500,1780
3501,1089
3502,826
3503,758
3504,980
3505,1046
3506,813
3507,964
3508,1032
3509,783
3510,1468
3511,1393
3512,1381
3513,1044
3514,1117
3515,1691
3516,874
3517,918
3518,924
3519,996
3520,1072
3521,1215
3522,1181
3523,924
3524,1130
3525,1295
3526,1104
3527,842
3528,926
3529,851
3530,949
3531,954
3532,944
3533,1137
3534,1006
3535,4983
3536,1429
3537,1119
3538,1281
3539,904
3540,1089
3541,1044
3542,1139
3543,1210
3544,1024
3545,1103
3546,1210
3547,986
3548,914
3549,805
3550,1043
3551,883
3552,875
3553,1472
3554,907
3555,1316
3556,978
3557,1133
3558,906
3559,835
3560,955
3561,891
3562,1087
3563,776
3564,1137
3565,1116
3566,1040
3567,1030
3568,1046
3569,1160
3570,1445
3571,1235
3572,1068
3573,848
3574,905
3575,1024
3576,801
3577,1343
3578,1573
3579,2917
3580,1048
3581,936
3582,912
3583,869
3584,882
3585,977
3586,913
3587,819
3588,1139
3589,988
3590,1110
3591,1092
3592,691
3593,748
3594,941
3595,986
3596,726
3597,876
3598,758
3599,926
3600,2141
3601,1117
3602,833
3603,1430
3604,850
3605,777
3606,872
3607,650
3608,792
3609,910
3610,1023
3611,1144
3612,1232
3613,999
3614,1185
3615,1779
3616,966
3617,903
3618,1345
3619,789
3620,916
3621,1027
3622,1031
3623,1058
3624,1289
3625,1260
3626,1059
3627,872
3628,789
3629,856
3630,1095
3631,860
3632,992
3633,1086
3634,781
3635,940
3636,5765
3637,1181
3638,1004
3639,1292
3640,931
3641,961
3642,988
3643,754
3644,947
3645,1221
3646,981
3647,976
3648,853
3649,779
3650,1065
3651,1147
3652,1196
3653,866
3654,1188
3655,1123
3656,1031
3657,827
3658,1048
3659,912
3660,943
3661,911
3662,1063
3663,2217
3664,1030
3665,1019
3666,1480
3667,852
3668,1094
3669,1593
3670,1291
3671,790
3672,926
3673,1070
3674,749
3675,830
3676,768
3677,805
3678,1034
3679,848
3680,1063
3681,859
3682,853
3683,827
3684,1063
3685,830
3686,901
3687,850
3688,1002
3689,1104
3690,2297
3691,1649
3692,1270
3693,1812
3694,828
3695,1197
3696,1397
3697,966
3698,2189
3699,1985
3700,2631
3701,924
3702,650
3703,817
3704,771
3705,839
3706,676
3707,913
3708,669
3709,720
3710,1299
3711,1530
3712,1051
3713,938
3714,921
3715,944
3716,717
3717,752
3718,872
3719,1072
3720,793
3721,2064
3722,972
3723,665
3724,827
3725,838
3726,789
3727,787
3728,876
3729,855
3730,838
3731,857
3732,776
3733,1888
3734,757
3735,734
3736,727
3737,3614
3738,1033
3739,1088
3740,979
3741,856
3742,1259
3743,919
3744,790
3745,978
3746,888
3747,951
3748,840
3749,686
3750,917
3751,911
3752,886
3753,779
3754,719
3755,850
3756,867
3757,751
3758,772
3759,828
3760,776
3761,674
3762,723
3763,681
3764,774
3765,847
3766,746
3767,732
3768,766
3769,775
3770,893
3771,792
3772,802
3773,1560
3774,804
3775,790
3776,887
3777,1454
3778,726
3779,751
3780,825
3781,938
3782,890
3783,792
3784,907
3785,812
3786,916
3787,948
3788,937
3789,940
3790,790
3791,1880
3792,738
3793,742
3794,706
3795,643
3796,685
3797,680
3798,681
3799,797
3800,1458
3801,1069
3802,731
3803,704
3804,718
3805,870
3806,662
3807,746
3808,769
3809,799
3810,1088
3811,1070
3812,1065
3813,910
3814,865
3815,1099
3816,836
3817,812
3818,821
3819,878
3820,924
3821,988
3822,963
3823,769
3824,1265
3825,2780
3826,886
3827,712
3828,899
3829,788
3830,773
3831,892
3832,835
3833,1072
3834,674
3835,802
3836,710
3837,887
3838,3454
3839,1018
3840,1112
3841,924
3842,934
3843,782
3844,918
3845,1017
3846,812
3847,887
3848,860
3849,881
3850,868
3851,702
3852,854
3853,978
3854,814
3855,809
3856,774
3857,685
3858,892
3859,766
3860,730
3861,675
3862,771
3863,753
3864,627
3865,869
3866,839
3867,707
3868,846
3869,957
3870,637
3871,713
3872,887
3873,659
3874,742
3875,734
3876,787
3877,826
3878,882
3879,816
3880,973
3881,944
3882,779
3883,1336
3884,829
3885,805
3886,808
3887,800
3888,1016
3889,741
3890,848
3891,1618
3892,695
3893,763
3894,830
3895,711
3896,721
3897,698
3898,746
3899,859
3900,1121
3901,802
3902,761
3903,759
3904,856
3905,829
3906,719
3907,657
3908,767
3909,970
3910,856
3911,1057
3912,971
3913,817
3914,760
3915,887
3916,714
3917,796
3918,712
3919,812
3920,906
3921,849
3922,780
3923,825
3924,907
3925,854
3926,737
3927,1775
3928,743
3929,823
3930,801
3931,725
3932,780
3933,869
3934,668
3935,785
3936,780
3937,743
3938,796
3939,2839
3940,1022
3941,875
3942,1038
3943,851
3944,957
3945,1005
3946,735
3947,753
3948,848
3949,793
3950,774
3951,830
3952,806
3953,723
3954,786
3955,860
3956,805
3957,725
3958,775
3959,744
3960,871
3961,860
3962,764
3963,863
3964,810
3965,718
3966,898
3967,667
3968,827
3969,1209
3970,843
3971,1095
3972,683
3973,798
3974,655
3975,835
3976,837
3977,758
3978,759
3979,822
3980,824
3981,805
3982,830
3983,695
3984,907
3985,724
3986,735
3987,880
3988,710
3989,662
3990,700
3991,1249
3992,760
3993,1224
3994,706
3995,1102
3996,642
3997,739
3998,758
3999,976
4000,2568
4001,1749
4002,1388
4003,1041
4004,1902
4005,1020
4006,1073
4007,1241
4008,1285
4009,1156
4010,1250
4011,1415
4012,1395
4013,1007
4014,903
4015,1015
4016,920
4017,857
4018,731
4019,876
4020,1865
4021,1108
4022,1073
4023,985
4024,866
4025,984
4026,934
4027,797
4028,794
4029,735
4030,1352
4031,877
4032,1037
4033,1010
4034,869
4035,928
4036,775
4037,799
4038,668
4039,886
4040,4957
4041,1212
4042,1010
4043,896
4044,1372
4045,989
4046,799
4047,862
4048,901
4049,771
4050,1643
4051,846
4052,867
4053,800
4054,838
4055,1015
4056,816
4057,747
4058,760
4059,649
4060,1260
4061,752
4062,738
4063,720
4064,713
4065,765
4066,783
4067,623
4068,712
4069,888
4070,870
4071,776
4072,600
4073,669
4074,617
4075,663
4076,701
4077,1474
4078,750
4079,2271
4080,1284
4081,856
4082,712
4083,759
4084,777
4085,790
4086,688
4087,678
4088,818
4089,779
4090,787
4091,703
4092,652
4093,741
4094,588
4095,739
4096,899
4097,566
4098,612
4099,794
4100,1696
4101,1038
4102,1201
4103,961
4104,965
4105,1079
4106,774
4107,856
4108,891
4109,812
4110,1230
4111,1795
4112,1322
4113,1138
4114,2138
4115,1197
4116,929
4117,1259
4118,1094
4119,1096
4120,1255
4121,1600
4122,1286
4123,2727
4124,1198
4125,1592
4126,1535
4127,1132
4128,3448
4129,936
4130,1805
4131,1061
4132,1418
4133,1023
4134,934
4135,920
4136,972
4137,906
4138,740
4139,853
4140,1150
4141,4590
4142,1354
4143,1061
4144,1433
4145,1084
4146,931
4147,1028
4148,962
4149,922
4150,1012
4151,1176
4152,1506
4153,985
4154,1071
4155,1173
4156,1030
4157,851
4158,910
4159,862
4160,1195
4161,882
4162,828
4163,887
4164,869
4165,893
4166,869
4167,803
4168,869
4169,932
4170,1007
4171,956
4172,835
4173,936
4174,881
4175,800
4176,939
4177,1046
4178,920
4179,973
4180,1067
4181,1007
4182,897
4183,772
4184,868
4185,876
4186,815
4187,1005
4188,1100
4189,1003
4190,1110
4191,915
4192,1028
4193,787
4194,758
4195,886
4196,763
4197,781
4198,924
4199,998
4200,31699
4201,2556
4202,976
4203,1012
4204,1235
4205,1055
4206,1219
4207,1223
4208,1151
4209,1030
4210,1536
4211,1516
4212,1491
4213,1585
4214,1076
4215,1385
4216,983
4217,1059
4218,831
4219,1101
4220,1360
4221,1547
4222,1295
4223,1307
4224,2030
4225,1384
4226,1081
4227,1076
4228,1092
4229,988
4230,967
4231,1828
4232,1146
4233,1128
4234,1663
4235,1162
4236,925
4237,923
4238,870
4239,944
4240,1290
4241,1104
4242,6441
4243,1406
4244,1364
4245,1264
4246,995
4247,1071
4248,1076
4249,753
4250,1102
4251,1218
4252,1212
4253,1140
4254,1011
4255,1280
4256,1379
4257,951
4258,986
4259,848
4260,1126
4261,955
4262,1039
4263,1011
4264,808
4265,1244
4266,983
4267,901
4268,1725
4269,1258
4270,972
4271,1043
4272,805
4273,912
4274,917
4275,869
4276,781
4277,1050
4278,986
4279,1106
4280,1088
4281,771
4282,943
4283,928
4284,922
4285,945
4286,988
4287,875
4288,1178
4289,875
4290,942
4291,760
4292,900
4293,1955
4294,740
4295,830
4296,836
4297,818
4298,764
4299,770
4300,1115
4301,947
4302,806
4303,909
4304,885
4305,884
4306,835
4307,690
4308,833
4309,862
4310,1027
4311,1418
4312,1618
4313,1770
4314,1146
4315,991
4316,1293
4317,901
4318,814
4319,861
4320,1013
4321,32874
4322,1133
4323,1130
4324,1301
4325,1307
4326,1011
4327,920
4328,785
4329,832
4330,886
4331,1060
4332,1103
4333,1103
4334,1377
4335,906
4336,819
4337,871
4338,720
4339,789
4340,792
4341,847
4342,964
4343,4152
4344,1356
4345,974
4346,834
4347,903
4348,928
4349,610
4350,909
4351,981
4352,1007
4353,977
4354,978
4355,1147
4356,1736
4357,1117
4358,828
4359,793
4360,747
4361,852
4362,883
4363,950
4364,704
4365,905
4366,871
4367,891
4368,766
4369,991
4370,851
4371,767
4372,873
4373,884
4374,711
4375,803
4376,867
4377,1174
4378,926
4379,796
4380,840
4381,912
4382,847
4383,855
4384,840
4385,819
4386,928
4387,818
4388,791
4389,800
4390,716
4391,908
4392,825
4393,946
4394,574
4395,687
4396,679
4397,744
4398,755
4399,900
4400,1698
4401,1064
4402,850
4403,945
4404,1393
4405,1116
4406,1145
4407,847
4408,962
4409,986
4410,1342
4411,1878
4412,1425
4413,1140
4414,1497
4415,1227
4416,1628
4417,1142
4418,1035
4419,1016
4420,1695
4421,1298
4422,2519
4423,1591
4424,1440
4425,1113
4426,902
4427,966
4428,1044
4429,960
4430,1123
4431,1042
4432,1195
4433,1867
4434,1151
4435,922
4436,878
4437,865
4438,914
4439,845
4440,1249
4441,1227
4442,1101
4443,1259
4444,64597
4445,1689
4446,891
4447,1031
4448,992
4449,1012
4450,1128
4451,1164
4452,1207
4453,999
4454,1485
4455,4911
4456,1674
4457,918
4458,1003
4459,872
4460,1064
4461,806
4462,1173
4463,894
4464,1281
4465,972
4466,1969
4467,895
4468,950
4469,1244
4470,930
4471,1050
4472,1015
4473,895
4474,1276
4475,950
4476,918
4477,2145
4478,1087
4479,1023
4480,1063
4481,1058
4482,926
4483,957
4484,1325
4485,923
4486,1223
4487,1074
4488,2723
4489,1071
4490,943
4491,1033
4492,917
4493,823
4494,1018
4495,917
4496,814
4497,911
4498,967
4499,1390
4500,1747
4501,1078
4502,988
4503,914
4504,930
4505,1176
4506,864
4507,956
4508,1022
4509,927
4510,1433
4511,1280
4512,2082
4513,1081
4514,891
4515,1208
4516,993
4517,1061
4518,916
4519,966
4520,1496
4521,1757
4522,1347
4523,1912
4524,953
4525,1324
4526,961
4527,853
4528,1041
4529,973
4530,926
4531,1022
4532,1316
4533,1014
4534,991
4535,1028
4536,1133
4537,938
4538,864
4539,919
4540,924
4541,979
4542,1026
4543,959
4544,1167
4545,11775
4546,1728
4547,1171
4548,1103
4549,930
4550,1168
4551,1092
4552,1076
4553,869
4554,2764
4555,1422
4556,2013
4557,902
4558,965
4559,1009
4560,1519
4561,2382
4562,1643
4563,2161
4564,1772
4565,1900
4566,1881
4567,8217
4568,1948
4569,2393
4570,1472
4571,931
4572,954
4573,777
4574,816
4575,1035
4576,924
4577,1041
4578,1998
4579,1029
4580,1392
4581,898
4582,1232
4583,936
4584,939
4585,1322
4586,1140
4587,1547
4588,1398
4589,1819
4590,1239
4591,1279
4592,920
4593,1001
4594,671
4595,920
4596,938
4597,889
4598,1006
4599,1068
4600,1296
4601,966
4602,903
4603,700
4604,901
4605,772
4606,806
4607,835
4608,800
4609,796
4610,1018
4611,1002
4612,1118
4613,1079
4614,904
4615,945
4616,857
4617,863
4618,734
4619,822
4620,1128
4621,970
4622,975
4623,961
4624,936
4625,1099
4626,947
4627,765
4628,1176
4629,756
4630,861
4631,988
4632,824
4633,954
4634,643
4635,785
4636,865
4637,879
4638,768
4639,588
4640,743
4641,805
4642,858
4643,824
4644,850
4645,913
4646,3723
4647,1070
4648,992
4649,2623
4650,926
4651,887
4652,1090
4653,1464
4654,1080
4655,971
4656,1240
4657,1073
4658,1141
4659,925
4660,884
4661,922
4662,999
4663,1296
4664,1353
4665,820
4666,1113
4667,949
4668,924
4669,932
4670,868
4671,817
4672,704
4673,1015
4674,743
4675,901
4676,880
4677,905
4678,944
4679,1033
4680,1206
4681,843
4682,1427
4683,837
4684,812
4685,900
4686,902
4687,917
4688,1062
4689,903
4690,889
4691,1402
4692,840
4693,823
4694,739
4695,865
4696,732
4697,936
4698,684
4699,762
4700,1184
4701,970
4702,843
4703,742
4704,817
4705,746
4706,841
4707,807
4708,803
4709,823
4710,1111
4711,5062
4712,1136
4713,861
4714,816
4715,875
4716,767
4717,879
4718,911
4719,820
4720,890
4721,939
4722,909
4723,946
4724,785
4725,916
4726,776
4727,703
4728,957
4729,842
4730,813
4731,877
4732,680
4733,883
4734,964
4735,807
4736,891
4737,814
4738,770
4739,683
4740,881
4741,859
4742,738
4743,880
4744,831
4745,750
4746,844
4747,4289
4748,1188
4749,985
4750,1111
4751,953
4752,999
4753,922
4754,832
4755,922
4756,1085
4757,1081
4758,1055
4759,882
4760,857
4761,696
4762,688
4763,707
4764,868
4765,1008
4766,932
4767,741
4768,744
4769,994
4770,841
4771,916
4772,869
4773,830
4774,1628
4775,841
4776,826
4777,1208
4778,821
4779,837
4780,867
4781,900
4782,786
4783,863
4784,885
4785,1012
4786,831
4787,916
4788,929
4789,1560
4790,843
4791,1525
4792,851
4793,729
4794,680
4795,825
4796,762
4797,778
4798,744
4799,874
4800,1274
4801,1079
4802,877
4803,793
4804,752
4805,736
4806,691
4807,959
4808,924
4809,813
4810,1009
4811,1095
4812,1264
4813,863
4814,896
4815,979
4816,1028
4817,706
4818,952
4819,931
4820,1133
4821,1114
4822,938
4823,884
4824,989
4825,958
4826,1115
4827,722
4828,876
4829,778
4830,802
4831,799
4832,1179
4833,808
4834,707
4835,894
4836,700
4837,792
4838,678
4839,692
4840,969
4841,805
4842,802
4843,703
4844,1005
4845,848
4846,826
4847,779
4848,3497
4849,1080
4850,1042
4851,1023
4852,1089
4853,941
4854,952
4855,960
4856,973
4857,781
4858,1115
4859,1154
4860,1266
4861,817
4862,2200
4863,792
4864,990
4865,1434
4866,1008
4867,955
4868,1043
4869,1576
4870,866
4871,876
4872,856
4873,777
4874,861
4875,976
4876,822
4877,905
4878,924
4879,876
4880,913
4881,806
4882,892
4883,788
4884,1486
4885,955
4886,838
4887,896
4888,964
4889,804
4890,755
4891,1689
4892,860
4893,779
4894,694
4895,863
4896,1066
4897,724
4898,701
4899,706
4900,1007
4901,961
4902,786
4903,812
4904,654
4905,801
4906,726
4907,660
4908,778
4909,845
4910,1052
4911,1123
4912,848
4913,899
4914,800
4915,862
4916,879
4917,719
4918,743
4919,769
4920,754
4921,865
4922,866
4923,882
4924,694
4925,770
4926,717
4927,622
4928,806
4929,769
4930,682
4931,863
4932,815
4933,794
4934,716
4935,720
4936,888
4937,872
4938,597
4939,678
4940,699
4941,731
4942,689
4943,684
4944,753
4945,767
4946,693
4947,760
4948,766
4949,2967
4950,1302
4951,1103
4952,881
4953,865
4954,780
4955,911
4956,761
4957,676
4958,812
4959,919
4960,748
4961,690
4962,706
4963,739
4964,751
4965,746
4966,732
4967,783
4968,659
4969,877
4970,787
4971,655
4972,766
4973,788
4974,870
4975,782
4976,870
4977,857
4978,854
4979,904
4980,938
4981,850
4982,857
4983,787
4984,900
4985,928
4986,828
4987,1090
4988,1057
4989,1482
4990,997
4991,1103
4992,884
4993,804
4994,1043
4995,901
4996,755
4997,693
4998,792
4999,1081
5000,3939
5001,1697
5002,1391
5003,1076
5004,1285
5005,2307
5006,1101
5007,1203
5008,1036
5009,968
5010,1294
5011,1412
5012,1205
5013,1018
5014,1038
5015,1087
5016,942
5017,845
5018,935
5019,968
5020,1326
5021,1188
5022,1042
5023,922
5024,955
5025,1186
5026,925
5027,860
5028,810
5029,817
5030,1124
5031,874
5032,948
5033,946
5034,780
5035,842
5036,796
5037,837
5038,720
5039,793
5040,1168
5041,894
5042,822
5043,830
5044,971
5045,759
5046,778
5047,794
5048,832
5049,950
5050,9031
5051,1344
5052,989
5053,949
5054,949
5055,1591
5056,936
5057,896
5058,1009
5059,913
5060,1300
5061,769
5062,660
5063,935
5064,718
5065,772
5066,835
5067,757
5068,813
5069,737
5070,963
5071,846
5072,722
5073,712
5074,632
5075,770
5076,749
5077,871
5078,739
5079,677
5080,1057
5081,731
5082,827
5083,848
5084,807
5085,787
5086,710
5087,733
5088,901
5089,887
5090,985
5091,822
5092,647
5093,704
5094,652
5095,778
5096,706
5097,734
5098,847
5099,843
5100,1975
5101,1200
5102,974
5103,1180
5104,965
5105,1019
5106,823
5107,954
5108,912
5109,849
5110,1380
5111,1366
5112,1248
5113,1145
5114,969
5115,2017
5116,1093
5117,1110
5118,943
5119,887
5120,1283
5121,1206
5122,1050
5123,1587
5124,1339
5125,1240
5126,967
5127,983
5128,887
5129,972
5130,1046
5131,1041
5132,983
5133,1014
5134,919
5135,1192
5136,936
5137,915
5138,694
5139,676
5140,1199
5141,1074
5142,953
5143,956
5144,973
5145,1010
5146,930
5147,920
5148,920
5149,870
5150,22329
5151,4239
5152,1540
5153,1224
5154,1108
5155,1575
5156,1053
5157,980
5158,936
5159,1026
5160,994
5161,1225
5162,898
5163,929
5164,915
5165,826
5166,1008
5167,877
5168,1423
5169,959
5170,949
5171,953
5172,825
5173,763
5174,749
5175,851
5176,842
5177,1085
5178,824
5179,815
5180,981
5181,1222
5182,941
5183,868
5184,820
5185,748
5186,799
5187,833
5188,1162
5189,797
5190,915
5191,1007
5192,769
5193,823
5194,734
5195,938
5196,803
5197,754
5198,921
5199,1071
5200,2171
5201,1212
5202,1015
5203,911
5204,1048
5205,1076
5206,967
5207,971
5208,788
5209,835
5210,1996
5211,1477
5212,1214
5213,1521
5214,1335
5215,1100
5216,1061
5217,1071
5218,928
5219,968
5220,1150
5221,1383
5222,1135
5223,1306
5224,1216
5225,3288
5226,1121
5227,1067
5228,1061
5229,996
5230,1171
5231,1164
5232,1330
5233,1433
5234,2023
5235,1158
5236,4275
5237,996
5238,926
5239,869
5240,1043
5241,1206
5242,1243
5243,1153
5244,997
5245,993
5246,1245
5247,1003
5248,1053
5249,999
5250,1350
5251,1094
5252,6435
5253,2153
5254,2188
5255,1560
5256,1272
5257,1199
5258,1295
5259,914
5260,1119
5261,936
5262,1260
5263,1485
5264,1129
5265,973
5266,1070
5267,895
5268,924
5269,1093
5270,1026
5271,914
5272,1043
5273,856
5274,916
5275,984
5276,1029
5277,1343
5278,909
5279,1056
5280,1457
5281,949
5282,1350
5283,1155
5284,1046
5285,997
5286,956
5287,1076
5288,1287
5289,1123
5290,984
5291,1034
5292,1141
5293,825
5294,791
5295,857
5296,971
5297,864
5298,995
5299,1125
5300,1340
5301,908
5302,869
5303,912
5304,883
5305,690
5306,790
5307,810
5308,864
5309,1313
5310,1163
5311,1251
5312,1233
5313,913
5314,978
5315,1168
5316,906
5317,900
5318,989
5319,847
5320,894
5321,1432
5322,941
5323,951
5324,2446
5325,1188
5326,1221
5327,908
5328,840
5329,868
5330,1067
5331,1076
5332,939
5333,1660
5334,890
5335,1507
5336,849
5337,1148
5338,776
5339,788
5340,844
5341,886
5342,1012
5343,896
5344,964
5345,851
5346,755
5347,852
5348,829
5349,750
5350,845
5351,1006
5352,983
5353,3517
5354,1467
5355,1257
5356,955
5357,907
5358,880
5359,951
5360,976
5361,805
5362,1161
5363,1059
5364,873
5365,922
5366,1452
5367,858
5368,967
5369,1190
5370,751
5371,869
5372,716
5373,898
5374,954
5375,903
5376,864
5377,1694
5378,837
5379,913
5380,899
5381,941
5382,907
5383,780
5384,850
5385,807
5386,787
5387,940
5388,912
5389,805
5390,799
5391,865
5392,706
5393,810
5394,747
5395,858
5396,706
5397,945
5398,790
5399,777
5400,1355
5401,1162
5402,880
5403,904
5404,1014
5405,905
5406,885
5407,901
5408,1472
5409,928
5410,1388
5411,1472
5412,1531
5413,1171
5414,935
5415,1035
5416,1108
5417,997
5418,1036
5419,846
5420,1380
5421,1557
5422,1213
5423,1206
5424,2002
5425,1997
5426,1086
5427,1000
5428,825
5429,853
5430,865
5431,1188
5432,2564
5433,1472
5434,887
5435,1240
5436,1011
5437,991
5438,1004
5439,877
5440,1217
5441,991
5442,922
5443,1001
5444,1101
5445,1695
5446,1467
5447,883
5448,910
5449,854
5450,1048
5451,1061
5452,1175
5453,1179
5454,6190
5455,2189
5456,1835
5457,1126
5458,1154
5459,1072
5460,947
5461,948
5462,1048
5463,1125
5464,1719
5465,1318
5466,1414
5467,1127
5468,1064
5469,1144
5470,881
5471,968
5472,1499
5473,973
5474,1094
5475,921
5476,1010
5477,1846
5478,1227
5479,939
5480,905
5481,1037
5482,6199
5483,998
5484,997
5485,1004
5486,933
5487,1161
5488,1282
5489,1049
5490,980
5491,1164
5492,929
5493,802
5494,822
5495,756
5496,805
5497,663
5498,770
5499,1057
5500,2081
5501,1319
5502,1010
5503,1086
5504,976
5505,1638
5506,917
5507,987
5508,929
5509,943
5510,1414
5511,1880
5512,1384
5513,1281
5514,964
5515,1513
5516,996
5517,929
5518,932
5519,1045
5520,1166
5521,1397
5522,2492
5523,1290
5524,1351
5525,2711
5526,1035
5527,1044
5528,963
5529,914
5530,1097
5531,1159
5532,1092
5533,1701
5534,1060
5535,1351
5536,922
5537,971
5538,794
5539,893
5540,886
5541,966
5542,1029
5543,1096
5544,2471
5545,1637
5546,1197
5547,900
5548,1013
5549,938
5550,1166
5551,1493
5552,1213
5553,1184
5554,1387
5555,53440
5556,1964
5557,1269
5558,1251
5559,1248
5560,1236
5561,1094
5562,1053
5563,1056
5564,1132
5565,1752
5566,6039
5567,1363
5568,1049
5569,1441
5570,1068
5571,938
5572,960
5573,838
5574,942
5575,1457
5576,969
5577,2284
5578,1177
5579,1210
5580,1170
5581,941
5582,1159
5583,1066
5584,1009
5585,1636
5586,989
5587,960
5588,2590
5589,1301
5590,1171
5591,1293
5592,944
5593,781
5594,912
5595,1298
5596,836
5597,710
5598,872
5599,1652
5600,1383
5601,800
5602,846
5603,765
5604,771
5605,800
5606,934
5607,841
5608,861
5609,812
5610,1078
5611,1288
5612,1321
5613,864
5614,901
5615,1149
5616,846
5617,827
5618,851
5619,868
5620,870
5621,975
5622,952
5623,1765
5624,989
5625,1013
5626,1035
5627,925
5628,783
5629,825
5630,906
5631,1019
5632,1388
5633,787
5634,967
5635,906
5636,861
5637,783
5638,873
5639,1284
5640,953
5641,973
5642,948
5643,975
5644,971
5645,1164
5646,1752
5647,1105
5648,1095
5649,712
5650,852
5651,819
5652,997
5653,873
5654,1278
5655,1031
5656,8135
5657,1280
5658,1381
5659,1061
5660,984
5661,927
5662,1008
5663,866
5664,1032
5665,2012
5666,1240
5667,990
5668,1017
5669,960
5670,881
5671,920
5672,1021
5673,1517
5674,1700
5675,1036
5676,1110
5677,1262
5678,34028
5679,1119
5680,1024
5681,802
5682,910
5683,5898
5684,835
5685,987
5686,952
5687,1050
5688,1264
5689,1826
5690,951
5691,1369
5692,832
5693,1026
5694,753
5695,959
5696,951
5697,818
5698,1135
5699,880
5700,1163
5701,846
5702,722
5703,786
5704,873
5705,880
5706,804
5707,860
5708,858
5709,933
5710,996
5711,1178
5712,987
5713,879
5714,921
5715,853
5716,698
5717,825
5718,835
5719,719
5720,914
5721,937
5722,865
5723,818
5724,765
5725,827
5726,778
5727,743
5728,850
5729,695
5730,773
5731,961
5732,830
5733,856
5734,656
5735,870
5736,697
5737,808
5738,659
5739,777
5740,762
5741,779
5742,742
5743,693
5744,799
5745,813
5746,671
5747,979
5748,838
5749,717
5750,856
5751,799
5752,709
5753,840
5754,800
5755,935
5756,770
5757,3745
5758,1448
5759,1186
5760,985
5761,863
5762,713
5763,955
5764,885
5765,864
5766,857
5767,960
5768,977
5769,898
5770,811
5771,1032
5772,969
5773,769
5774,782
5775,1699
5776,791
5777,1118
5778,837
5779,822
5780,910
5781,998
5782,1007
5783,907
5784,872
5785,835
5786,812
5787,951
5788,964
5789,1257
5790,824
5791,1639
5792,802
5793,752
5794,675
5795,797
5796,711
5797,926
5798,760
5799,931
5800,1353
5801,874
5802,872
5803,758
5804,953
5805,741
5806,736
5807,735
5808,917
5809,810
5810,1069
5811,1166
5812,1124
5813,961
5814,759
5815,740
5816,882
5817,781
5818,858
5819,863
5820,786
5821,981
5822,1097
5823,1115
5824,846
5825,1175
5826,987
5827,839
5828,887
5829,743
5830,822
5831,884
5832,794
5833,975
5834,701
5835,820
5836,873
5837,767
5838,727
5839,786
5840,817
5841,757
5842,861
5843,695
5844,972
5845,781
5846,919
5847,1108
5848,983
5849,786
5850,801
5851,775
5852,910
5853,1024
5854,938
5855,1106
5856,861
5857,798
5858,4988
5859,1430
5860,1013
5861,931
5862,1007
5863,1066
5864,980
5865,896
5866,914
5867,954
5868,911
5869,1139
5870,866
5871,788
5872,793
5873,831
5874,990
5875,998
5876,973
5877,884
5878,1263
5879,1062
5880,976
5881,875
5882,1052
5883,869
5884,1018
5885,1525
5886,807
5887,967
5888,1221
5889,918
5890,868
5891,1716
5892,826
5893,869
5894,663
5895,866
5896,1157
5897,908
5898,865
5899,924
5900,1080
5901,873
5902,845
5903,935
5904,824
5905,780
5906,846
5907,775
5908,698
5909,899
5910,1008
5911,1148
5912,904
5913,862
5914,686
5915,812
5916,848
5917,704
5918,811
5919,873
5920,908
5921,896
5922,744
5923,771
5924,747
5925,758
5926,736
5927,706
5928,736
5929,836
5930,809
5931,778
5932,808
5933,719
5934,643
5935,794
5936,775
5937,773
5938,673
5939,697
5940,729
5941,786
5942,757
5943,746
5944,710
5945,834
5946,663
5947,682
5948,655
5949,793
5950,860
5951,750
5952,707
5953,1114
5954,763
5955,972
5956,716
5957,771
5958,821
5959,2859
5960,1165
5961,982
5962,1006
5963,2336
5964,962
5965,908
5966,1279
5967,764
5968,856
5969,1122
5970,817
5971,713
5972,839
5973,810
5974,796
5975,916
5976,677
5977,929
5978,798
5979,840
5980,782
5981,661
5982,861
5983,721
5984,887
5985,855
5986,799
5987,957
5988,932
5989,924
5990,800
5991,1133
5992,823
5993,771
5994,821
5995,1192
5996,839
5997,723
5998,751
5999,970
6000,1825
6001,1100
6002,1130
6003,971
6004,1090
6005,856
6006,1495
6007,1161
6008,929
6009,1051
6010,1099
6011,1223
6012,1060
6013,929
6014,909
6015,799
6016,850
6017,835
6018,764
6019,908
6020,991
6021,951
6022,1002
6023,816
6024,787
6025,951
6026,716
6027,685
6028,725
6029,783
6030,847
6031,698
6032,832
6033,888
6034,721
6035,742
6036,728
6037,757
6038,635
6039,781
6040,1082
6041,843
6042,751
6043,695
6044,770
6045,801
6046,693
6047,698
6048,714
6049,618
6050,951
6051,757
6052,799
6053,633
6054,810
6055,769
6056,615
6057,630
6058,636
6059,622
6060,2942
6061,1092
6062,842
6063,847
6064,796
6065,849
6066,1058
6067,755
6068,710
6069,752
6070,968
6071,695
6072,641
6073,783
6074,546
6075,725
6076,563
6077,791
6078,697
6079,647
6080,871
6081,713
6082,657
6083,620
6084,621
6085,799
6086,696
6087,663
6088,791
6089,716
6090,864
6091,712
6092,628
6093,613
6094,445
6095,650
6096,663
6097,650
6098,731
6099,720
6100,1324
6101,1094
6102,828
6103,831
6104,993
6105,707
6106,885
6107,904
6108,807
6109,845
6110,1232
6111,1290
6112,1077
6113,855
6114,973
6115,932
6116,1409
6117,893
6118,929
6119,1039
6120,1397
6121,1120
6122,1002
6123,1474
6124,874
6125,942
6126,999
6127,799
6128,1047
6129,725
6130,961
6131,837
6132,823
6133,786
6134,807
6135,727
6136,758
6137,705
6138,644
6139,798
6140,953
6141,853
6142,810
6143,779
6144,746
6145,960
6146,825
6147,817
6148,757
6149,692
6150,950
6151,987
6152,760
6153,793
6154,866
6155,1067
6156,905
6157,765
6158,799
6159,805
6160,906
6161,2698
6162,1416
6163,928
6164,1034
6165,1071
6166,1059
6167,825
6168,874
6169,967
6170,870
6171,881
6172,783
6173,665
6174,849
6175,773
6176,865
6177,868
6178,851
6179,778
6180,912
6181,849
6182,965
6183,776
6184,795
6185,867
6186,805
6187,915
6188,877
6189,793
6190,1120
6191,1088
6192,772
6193,828
6194,840
6195,793
6196,1020
6197,777
6198,1003
6199,1072
6200,1171
6201,1061
6202,892
6203,934
6204,914
6205,803
6206,805
6207,790
6208,873
6209,871
6210,1208
6211,1281
6212,1086
6213,925
6214,930
6215,1061
6216,926
6217,778
6218,905
6219,815
6220,908
6221,945
6222,1001
6223,835
6224,894
6225,1123
6226,1370
6227,871
6228,803
6229,821
6230,1214
6231,896
6232,989
6233,1370
6234,1060
6235,898
6236,934
6237,831
6238,826
6239,837
6240,961
6241,819
6242,869
6243,861
6244,1014
6245,1046
6246,845
6247,853
6248,1185
6249,701
6250,832
6251,1042
6252,1324
6253,916
6254,983
6255,944
6256,1089
6257,950
6258,876
6259,1022
6260,901
6261,911
6262,3307
6263,1536
6264,1323
6265,891
6266,1221
6267,831
6268,915
6269,1085
6270,970
6271,888
6272,1189
6273,807
6274,944
6275,1228
6276,753
6277,1105
6278,902
6279,1072
6280,889
6281,833
6282,1135
6283,972
6284,952
6285,928
6286,702
6287,897
6288,2114
6289,951
6290,870
6291,749
6292,955
6293,781
6294,939
6295,847
6296,569
6297,722
6298,701
6299,898
6300,1434
6301,950
6302,917
6303,928
6304,716
6305,705
6306,812
6307,725
6308,835
6309,850
6310,1124
6311,1201
6312,1049
6313,756
6314,912
6315,865
6316,769
6317,874
6318,976
6319,874
6320,863
6321,1622
6322,921
6323,957
6324,854
6325,1066
6326,760
6327,694
6328,891
6329,761
6330,743
6331,990
6332,902
6333,948
6334,926
6335,687
6336,1508
6337,823
6338,645
6339,851
6340,830
6341,795
6342,834
6343,787
6344,753
6345,1096
6346,711
6347,804
6348,721
6349,741
6350,808
6351,822
6352,1027
6353,868
6354,912
6355,924
6356,607
6357,740
6358,851
6359,767
6360,827
6361,680
6362,918
6363,4137
6364,1158
6365,1022
6366,1249
6367,870
6368,937
6369,1239
6370,844
6371,773
6372,789
6373,939
6374,809
6375,875
6376,740
6377,956
6378,891
6379,704
6380,770
6381,960
6382,818
6383,821
6384,805
6385,727
6386,727
6387,755
6388,854
6389,787
6390,777
6391,845
6392,726
6393,827
6394,750
6395,825
6396,857
6397,751
6398,742
6399,914
6400,1227
6401,833
6402,785
6403,830
6404,940
6405,832
6406,759
6407,738
6408,855
6409,893
6410,1152
6411,1152
6412,1219
6413,922
6414,886
6415,963
6416,765
6417,799
6418,908
6419,909
6420,1235
6421,1054
6422,998
6423,925
6424,1128
6425,1659
6426,895
6427,787
6428,1037
6429,794
6430,724
6431,857
6432,1016
6433,771
6434,838
6435,2150
6436,663
6437,672
6438,683
6439,672
6440,872
6441,861
6442,934
6443,773
6444,906
6445,806
6446,1380
6447,792
6448,887
6449,815
6450,787
6451,819
6452,1111
6453,2290
6454,1214
6455,1079
6456,1182
6457,861
6458,937
6459,906
6460,796
6461,932
6462,989
6463,1236
6464,3667
6465,1189
6466,1218
6467,935
6468,958
6469,891
6470,828
6471,765
6472,810
6473,840
6474,928
6475,855
6476,724
6477,1046
6478,868
6479,813
6480,721
6481,839
6482,1100
6483,740
6484,922
6485,825
6486,828
6487,818
6488,1177
6489,877
6490,727
6491,969
6492,680
6493,800
6494,827
6495,699
6496,746
6497,769
6498,688
6499,834
6500,1256
6501,1218
6502,897
6503,832
6504,945
6505,932
6506,837
6507,700
6508,763
6509,854
6510,1057
6511,1154
6512,1095
6513,875
6514,890
6515,905
6516,693
6517,752
6518,775
6519,850
6520,926
6521,1243
6522,1079
6523,1076
6524,1020
6525,1138
6526,841
6527,711
6528,763
6529,742
6530,892
6531,811
6532,1131
6533,897
6534,859
6535,1677
6536,1262
6537,735
6538,682
6539,743
6540,945
6541,1407
6542,1104
6543,2019
6544,1000
6545,1196
6546,1212
6547,1047
6548,933
6549,906
6550,918
6551,799
6552,934
6553,732
6554,1032
6555,932
6556,1376
6557,751
6558,803
6559,821
6560,872
6561,825
6562,911
6563,870
6564,908
6565,3954
6566,1441
6567,977
6568,1007
6569,1214
6570,887
6571,836
6572,895
6573,856
6574,881
6575,873
6576,820
6577,882
6578,886
6579,803
6580,835
6581,814
6582,895
6583,682
6584,815
6585,873
6586,752
6587,973
6588,1040
6589,1119
6590,751
6591,1254
6592,763
6593,774
6594,600
6595,708
6596,644
6597,664
6598,979
6599,850
6600,1834
6601,905
6602,1019
6603,843
6604,886
6605,861
6606,1253
6607,825
6608,796
6609,869
6610,1127
6611,1352
6612,1193
6613,898
6614,926
6615,969
6616,1091
6617,873
6618,841
6619,794
6620,1026
6621,915
6622,1200
6623,798
6624,1004
6625,968
6626,1167
6627,827
6628,943
6629,844
6630,1045
6631,782
6632,979
6633,1621
6634,781
6635,783
6636,1260
6637,875
6638,647
6639,779
6640,886
6641,924
6642,954
6643,842
6644,1389
6645,930
6646,1122
6647,780
6648,791
6649,848
6650,883
6651,828
6652,832
6653,900
6654,1125
6655,1594
6656,1210
6657,843
6658,824
6659,900
6660,1337
6661,1825
6662,985
6663,1215
6664,1181
6665,1210
6666,36557
6667,1870
6668,1126
6669,3796
6670,1101
6671,1025
6672,894
6673,890
6674,858
6675,872
6676,1308
6677,2108
6678,1274
6679,1057
6680,1018
6681,932
6682,952
6683,806
6684,927
6685,819
6686,1201
6687,974
6688,2130
6689,1084
6690,1158
6691,1226
6692,1075
6693,960
6694,789
6695,732
6696,1254
6697,740
6698,958
6699,2538
6700,1002
6701,922
6702,835
6703,831
6704,795
6705,680
6706,714
6707,895
6708,870
6709,652
6710,870
6711,1167
6712,923
6713,840
6714,837
6715,914
6716,647
6717,779
6718,735
6719,748
6720,774
6721,830
6722,935
6723,734
6724,700
6725,727
6726,704
6727,742
6728,700
6729,723
6730,736
6731,602
6732,726
6733,710
6734,655
6735,665
6736,667
6737,709
6738,613
6739,591
6740,613
6741,781
6742,853
6743,785
6744,694
6745,771
6746,566
6747,771
6748,638
6749,602
6750,683
6751,768
6752,878
6753,785
6754,881
6755,847
6756,749
6757,798
6758,895
6759,635
6760,767
6761,632
6762,692
6763,687
6764,801
6765,793
6766,799
6767,3668
6768,1242
6769,1286
6770,839
6771,890
6772,890
6773,820
6774,756
6775,888
6776,1216
6777,987
6778,870
6779,900
6780,856
6781,857
6782,747
6783,765
6784,731
6785,889
6786,906
6787,1021
6788,1058
6789,6115
6790,870
6791,1412
6792,654
6793,721
6794,812
6795,648
6796,700
6797,852
6798,863
6799,784
6800,1029
6801,962
6802,830
6803,755
6804,683
6805,870
6806,696
6807,731
6808,804
6809,750
6810,855
6811,1017
6812,1028
6813,886
6814,849
6815,751
6816,671
6817,805
6818,627
6819,801
6820,934
6821,969
6822,948
6823,798
6824,833
6825,886
6826,749
6827,678
6828,823
6829,622
6830,721
6831,740
6832,748
6833,907
6834,759
6835,760
6836,663
6837,646
6838,624
6839,605
6840,617
6841,632
6842,1010
6843,765
6844,797
6845,846
6846,648
6847,832
6848,836
6849,598
6850,763
6851,728
6852,787
6853,698
6854,798
6855,886
6856,728
6857,764
6858,761
6859,795
6860,774
6861,666
6862,833
6863,782
6864,796
6865,715
6866,1096
6867,827
6868,3081
6869,2090
6870,1022
6871,1055
6872,982
6873,889
6874,928
6875,827
6876,856
6877,1078
6878,937
6879,902
6880,902
6881,855
6882,819
6883,730
6884,742
6885,803
6886,1453
6887,881
6888,1096
6889,864
6890,876
6891,1651
6892,874
6893,813
6894,721
6895,683
6896,828
6897,692
6898,842
6899,692
6900,1740
6901,992
6902,1087
6903,860
6904,936
6905,825
6906,777
6907,891
6908,819
6909,1025
6910,954
6911,1364
6912,1058
6913,1104
6914,911
6915,748
6916,765
6917,773
6918,819
6919,901
6920,777
6921,884
6922,913
6923,864
6924,928
6925,804
6926,726
6927,657
6928,736
6929,766
6930,891
6931,744
6932,792
6933,793
6934,834
6935,727
6936,778
6937,703
6938,615
6939,708
6940,714
6941,802
6942,1597
6943,920
6944,799
6945,805
6946,732
6947,752
6948,718
6949,742
6950,756
6951,763
6952,716
6953,832
6954,952
6955,858
6956,668
6957,640
6958,855
6959,753
6960,744
6961,743
6962,703
6963,963
6964,732
6965,715
6966,1159
6967,666
6968,1002
6969,57400
6970,1236
6971,1364
6972,1347
6973,1066
6974,967
6975,898
6976,769
6977,1594
6978,955
6979,1017
6980,848
6981,863
6982,922
6983,824
6984,985
6985,1042
6986,946
6987,1153
6988,1525
6989,1141
6990,887
6991,1050
6992,788
6993,878
6994,744
6995,910
6996,3800
6997,883
6998,892
6999,1200
7000,2265
7001,1525
7002,1103
7003,1004
7004,1319
7005,932
7006,929
7007,16252
7008,2186
7009,1120
7010,1155
7011,1267
7012,932
7013,899
7014,828
7015,827
7016,708
7017,670
7018,916
7019,923
7020,1078
7021,1007
7022,780
7023,806
7024,824
7025,845
7026,837
7027,708
7028,743
7029,764
7030,876
7031,841
7032,735
7033,931
7034,741
7035,679
7036,671
7037,609
7038,657
7039,717
7040,844
7041,723
7042,831
7043,839
7044,727
7045,700
7046,586
7047,738
7048,689
7049,603
7050,994
7051,679
7052,718
7053,567
7054,736
7055,813
7056,732
7057,620
7058,715
7059,735
7060,740
7061,692
7062,628
7063,711
7064,686
7065,659
7066,740
7067,655
7068,774
7069,741
7070,3150
7071,1054
7072,1045
7073,785
7074,824
7075,910
7076,663
7077,1192
7078,777
7079,793
7080,1069
7081,688
7082,740
7083,678
7084,595
7085,758
7086,710
7087,620
7088,878
7089,870
7090,906
7091,639
7092,674
7093,796
7094,625
7095,786
7096,743
7097,579
7098,737
7099,753
7100,1271
7101,958
7102,973
7103,956
7104,980
7105,851
7106,835
7107,885
7108,861
7109,962
7110,1461
7111,1464
7112,1220
7113,1008
7114,1124
7115,1094
7116,804
7117,2276
7118,901
7119,1142
7120,938
7121,1035
7122,971
7123,1551
7124,789
7125,1028
7126,1113
7127,1032
7128,837
7129,837
7130,985
7131,848
7132,908
7133,805
7134,771
7135,800
7136,650
7137,901
7138,723
7139,980
7140,1097
7141,962
7142,989
7143,928
7144,922
7145,995
7146,724
7147,1061
7148,892
7149,727
7150,870
7151,896
7152,895
7153,4674
7154,910
7155,909
7156,791
7157,741
7158,753
7159,910
7160,858
7161,817
7162,745
7163,734
7164,996
7165,823
7166,775
7167,790
7168,732
7169,759
7170,993
7171,2942
7172,1363
7173,1015
7174,1046
7175,1004
7176,770
7177,1338
7178,874
7179,1185
7180,876
7181,955
7182,967
7183,830
7184,854
7185,832
7186,708
7187,869
7188,1059
7189,860
7190,789
7191,792
7192,776
7193,944
7194,677
7195,872
7196,762
7197,778
7198,804
7199,804
7200,1235
7201,1092
7202,1033
7203,1016
7204,781
7205,860
7206,802
7207,966
7208,690
7209,762
7210,1438
7211,1236
7212,1015
7213,842
7214,920
7215,944
7216,788
7217,870
7218,765
7219,962
7220,950
7221,1322
7222,1049
7223,1045
7224,1047
7225,967
7226,1014
7227,1622
7228,955
7229,753
7230,875
7231,924
7232,985
7233,1100
7234,907
7235,799
7236,933
7237,924
7238,760
7239,709
7240,831
7241,754
7242,857
7243,1008
7244,785
7245,972
7246,960
7247,867
7248,855
7249,704
7250,1057
7251,793
7252,906
7253,867
7254,873
7255,959
7256,1004
7257,797
7258,832
7259,817
7260,778
7261,691
7262,896
7263,891
7264,1055
7265,891
7266,966
7267,915
7268,945
7269,904
7270,754
7271,857
7272,4100
7273,1382
7274,1254
7275,1248
7276,1055
7277,1428
7278,794
7279,851
7280,911
7281,849
7282,959
7283,985
7284,932
7285,1198
7286,780
7287,807
7288,1165
7289,857
7290,890
7291,799
7292,861
7293,824
7294,830
7295,880
7296,831
7297,825
7298,764
7299,761
7300,1088
7301,940
7302,802
7303,893
7304,914
7305,920
7306,818
7307,765
7308,731
7309,800
7310,1039
7311,1229
7312,980
7313,919
7314,766
7315,826
7316,879
7317,909
7318,854
7319,1182
7320,779
7321,1265
7322,845
7323,880
7324,804
7325,1035
7326,1047
7327,673
7328,838
7329,688
7330,751
7331,933
7332,1090
7333,1140
7334,785
7335,888
7336,804
7337,1612
7338,690
7339,648
7340,602
7341,764
7342,773
7343,772
7344,808
7345,832
7346,759
7347,748
7348,762
7349,761
7350,809
7351,805
7352,715
7353,809
7354,873
7355,866
7356,686
7357,881
7358,773
7359,722
7360,674
7361,558
7362,771
7363,878
7364,830
7365,800
7366,872
7367,788
7368,719
7369,970
7370,795
7371,852
7372,765
7373,2892
7374,1208
7375,953
7376,930
7377,1265
7378,942
7379,868
7380,807
7381,854
7382,870
7383,1067
7384,824
7385,748
7386,764
7387,717
7388,996
7389,713
7390,705
7391,1052
7392,674
7393,912
7394,652
7395,793
7396,693
7397,756
7398,731
7399,2210
7400,1128
7401,812
7402,965
7403,765
7404,806
7405,809
7406,736
7407,755
7408,768
7409,943
7410,8506
7411,1872
7412,2328
7413,882
7414,2274
7415,991
7416,814
7417,1009
7418,1125
7419,969
7420,1104
7421,1064
7422,970
7423,959
7424,1242
7425,1167
7426,1016
7427,829
7428,832
7429,800
7430,724
7431,896
7432,965
7433,897
7434,620
7435,616
7436,726
7437,879
7438,754
7439,569
7440,755
7441,944
7442,882
7443,812
7444,1017
7445,990
7446,869
7447,1505
7448,1406
7449,679
7450,755
7451,921
7452,918
7453,815
7454,1053
7455,1005
7456,1230
7457,836
7458,1075
7459,670
7460,813
7461,724
7462,782
7463,893
7464,865
7465,1038
7466,900
7467,1537
7468,827
7469,1007
7470,862
7471,940
7472,1018
7473,821
7474,4375
7475,1606
7476,1220
7477,1341
7478,1079
7479,908
7480,948
7481,834
7482,965
7483,843
7484,914
7485,1131
7486,871
7487,905
7488,1029
7489,795
7490,727
7491,999
7492,894
7493,715
7494,801
7495,852
7496,759
7497,730
7498,824
7499,756
7500,1561
7501,989
7502,826
7503,873
7504,1005
7505,808
7506,846
7507,763
7508,749
7509,806
7510,971
7511,1152
7512,1018
7513,942
7514,922
7515,1093
7516,696
7517,727
7518,751
7519,778
7520,1095
7521,1002
7522,936
7523,794
7524,808
7525,910
7526,860
7527,643
7528,707
7529,764
7530,1203
7531,1540
7532,1347
7533,990
7534,763
7535,1002
7536,878
7537,806
7538,711
7539,870
7540,730
7541,875
7542,826
7543,928
7544,826
7545,814
7546,2213
7547,872
7548,859
7549,625
7550,964
7551,884
7552,835
7553,822
7554,810
7555,933
7556,818
7557,1318
7558,676
7559,793
7560,777
7561,616
7562,765
7563,773
7564,850
7565,855
7566,709
7567,729
7568,810
7569,867
7570,886
7571,863
7572,789
7573,797
7574,945
7575,3976
7576,1169
7577,1586
7578,1058
7579,1019
7580,1123
7581,886
7582,929
7583,881
7584,1014
7585,975
7586,891
7587,814
7588,1097
7589,918
7590,894
7591,1089
7592,797
7593,793
7594,754
7595,958
7596,773
7597,714
7598,949
7599,872
7600,1176
7601,818
7602,885
7603,908
7604,907
7605,809
7606,840
7607,716
7608,809
7609,807
7610,1226
7611,956
7612,959
7613,824
7614,839
7615,696
7616,770
7617,670
7618,636
7619,781
7620,689
7621,855
7622,943
7623,887
7624,768
7625,1170
7626,772
7627,715
7628,735
7629,717
7630,594
7631,743
7632,810
7633,689
7634,742
7635,651
7636,684
7637,618
7638,606
7639,641
7640,716
7641,764
7642,819
7643,761
7644,810
7645,840
7646,1526
7647,1084
7648,787
7649,658
7650,795
7651,722
7652,812
7653,734
7654,1906
7655,882
7656,903
7657,1056
7658,898
7659,746
7660,813
7661,690
7662,737
7663,823
7664,1193
7665,1117
7666,1120
7667,1652
7668,804
7669,1249
7670,808
7671,749
7672,831
7673,1012
7674,681
7675,833
7676,3123
7677,1487
7678,1202
7679,990
7680,915
7681,737
7682,783
7683,786
7684,738
7685,916
7686,926
7687,863
7688,1076
7689,971
7690,780
7691,1138
7692,685
7693,792
7694,632
7695,804
7696,828
7697,680
7698,765
7699,823
7700,2187
7701,1322
7702,1054
7703,870
7704,853
7705,859
7706,818
7707,1723
7708,872
7709,834
7710,1110
7711,1971
7712,1260
7713,1207
7714,1462
7715,1033
7716,917
7717,1250
7718,1430
7719,1006
7720,910
7721,1165
7722,1464
7723,902
7724,982
7725,912
7726,959
7727,1207
7728,819
7729,972
7730,1029
7731,785
7732,837
7733,1454
7734,2886
7735,942
7736,790
7737,1163
7738,663
7739,571
7740,717
7741,979
7742,941
7743,832
7744,1584
7745,1052
7746,727
7747,1218
7748,872
7749,1519
7750,818
7751,805
7752,987
7753,819
7754,968
7755,1759
7756,923
7757,1232
7758,1223
7759,921
7760,750
7761,751
7762,805
7763,871
7764,873
7765,956
7766,1336
7767,1230
7768,822
7769,1243
7770,1273
7771,1788
7772,1023
7773,1300
7774,1248
7775,1132
7776,1315
7777,61450
7778,1931
7779,1520
7780,1236
7781,1281
7782,1127
7783,1098
7784,1166
7785,960
7786,1124
7787,1783
7788,4352
7789,1694
7790,887
7791,1529
7792,819
7793,838
7794,676
7795,840
7796,776
7797,1133
7798,914
7799,1949
7800,1262
7801,920
7802,859
7803,748
7804,908
7805,834
7806,858
7807,690
7808,954
7809,918
7810,1055
7811,1143
7812,1378
7813,896
7814,877
7815,925
7816,837
7817,777
7818,918
7819,873
7820,776
7821,924
7822,1011
7823,1058
7824,896
7825,1001
7826,948
7827,1054
7828,771
7829,912
7830,775
7831,778
7832,908
7833,955
7834,837
7835,744
7836,758
7837,689
7838,767
7839,742
7840,822
7841,841
7842,838
7843,725
7844,782
7845,1547
7846,679
7847,770
7848,679
7849,646
7850,724
7851,886
7852,1195
7853,899
7854,1174
7855,757
7856,1345
7857,668
7858,911
7859,741
7860,1780
7861,1491
7862,1030
7863,1011
7864,848
7865,1290
7866,1178
7867,1339
7868,909
7869,1161
7870,882
7871,864
7872,762
7873,1182
7874,990
7875,921
7876,1152
7877,1469
7878,6774
7879,1681
7880,1240
7881,1044
7882,1107
7883,1195
7884,1018
7885,988
7886,995
7887,1872
7888,1147
7889,1506
7890,6668
7891,2035
7892,1013
7893,906
7894,4462
7895,1724
7896,2670
7897,1559
7898,1430
7899,1880
7900,1189
7901,1006
7902,708
7903,803
7904,866
7905,822
7906,725
7907,750
7908,927
7909,915
7910,924
7911,1280
7912,830
7913,2111
7914,942
7915,814
7916,763
7917,661
7918,661
7919,971
7920,877
7921,903
7922,748
7923,861
7924,861
7925,826
7926,1215
7927,695
7928,822
7929,852
7930,656
7931,1159
7932,734
7933,756
7934,673
7935,663
7936,732
7937,607
7938,593
7939,557
7940,687
7941,726
7942,2238
7943,662
7944,808
7945,698
7946,918
7947,688
7948,699
7949,757
7950,804
7951,795
7952,933
7953,682
7954,716
7955,883
7956,746
7957,702
7958,809
7959,650
7960,744
7961,738
7962,715
7963,794
7964,680
7965,761
7966,700
7967,639
7968,777
7969,857
7970,663
7971,645
7972,717
7973,628
7974,726
7975,780
7976,817
7977,962
7978,1012
7979,3713
7980,1438
7981,1251
7982,1219
7983,996
7984,954
7985,969
7986,894
7987,1059
7988,1100
7989,1089
7990,917
7991,973
7992,756
7993,902
7994,688
7995,671
7996,679
7997,1662
7998,855
7999,1032
8000,2029
8001,1352
8002,1243
8003,887
8004,1058
8005,1106
8006,938
8007,1120
8008,3682
8009,1203
8010,1095
8011,1171
8012,1094
8013,949
8014,959
8015,948
8016,797
8017,641
8018,850
8019,934
8020,1109
8021,924
8022,923
8023,1107
8024,834
8025,900
8026,724
8027,754
8028,784
8029,649
8030,972
8031,902
8032,734
8033,850
8034,739
8035,776
8036,685
8037,729
8038,703
8039,724
8040,982
8041,733
8042,635
8043,673
8044,814
8045,814
8046,704
8047,682
8048,636
8049,606
8050,1039
8051,859
8052,839
8053,750
8054,671
8055,1343
8056,684
8057,682
8058,673
8059,715
8060,939
8061,642
8062,795
8063,763
8064,799
8065,702
8066,802
8067,729
8068,612
8069,724
8070,903
8071,752
8072,556
8073,507
8074,714
8075,692
8076,719
8077,839
8078,613
8079,883
8080,6352
8081,1401
8082,1252
8083,949
8084,1064
8085,1049
8086,1006
8087,845
8088,1775
8089,750
8090,1309
8091,783
8092,694
8093,866
8094,703
8095,709
8096,736
8097,759
8098,806
8099,745
8100,1271
8101,964
8102,809
8103,940
8104,980
8105,977
8106,794
8107,779
8108,949
8109,1027
8110,1092
8111,1228
8112,982
8113,825
8114,967
8115,1032
8116,889
8117,794
8118,1613
8119,978
8120,976
8121,1071
8122,891
8123,2355
8124,856
8125,987
8126,785
8127,769
8128,994
8129,774
8130,835
8131,868
8132,779
8133,864
8134,753
8135,912
8136,718
8137,773
8138,806
8139,678
8140,921
8141,814
8142,758
8143,804
8144,801
8145,981
8146,780
8147,769
8148,677
8149,732
8150,917
8151,833
8152,733
8153,858
8154,846
8155,894
8156,726
8157,743
8158,764
8159,804
8160,948
8161,727
8162,672
8163,814
8164,737
8165,723
8166,872
8167,714
8168,864
8169,826
8170,860
8171,939
8172,855
8173,654
8174,743
8175,732
8176,743
8177,1035
8178,796
8179,746
8180,1059
8181,3016
8182,1248
8183,1008
8184,1067
8185,933
8186,926
8187,924
8188,1233
8189,875
8190,873
8191,1023
8192,815
8193,784
8194,707
8195,721
8196,721
8197,742
8198,830
8199,908
8200,1233
8201,1005
8202,975
8203,904
8204,864
8205,914
8206,817
8207,778
8208,810
8209,840
8210,1530
8211,1114
8212,996
8213,898
8214,958
8215,1042
8216,840
8217,821
8218,867
8219,838
8220,959
8221,1068
8222,955
8223,933
8224,875
8225,1078
8226,860
8227,824
8228,1250
8229,724
8230,956
8231,888
8232,847
8233,842
8234,848
8235,750
8236,821
8237,740
8238,816
8239,700
8240,755
8241,728
8242,678
8243,849
8244,765
8245,743
8246,2058
8247,815
8248,834
8249,637
8250,1027
8251,889
8252,892
8253,803
8254,876
8255,950
8256,775
8257,804
8258,738
8259,838
8260,784
8261,721
8262,750
8263,920
8264,1195
8265,952
8266,838
8267,738
8268,739
8269,763
8270,768
8271,850
8272,928
8273,651
8274,791
8275,882
8276,795
8277,1003
8278,758
8279,776
8280,883
8281,882
8282,3118
8283,1164
8284,1287
8285,1147
8286,1017
8287,943
8288,1196
8289,735
8290,867
8291,976
8292,1004
8293,812
8294,683
8295,703
8296,696
8297,661
8298,749
8299,873
8300,1107
8301,916
8302,870
8303,901
8304,767
8305,797
8306,741
8307,710
8308,803
8309,701
8310,1229
8311,1152
8312,1132
8313,936
8314,772
8315,936
8316,762
8317,1000
8318,1163
8319,836
8320,825
8321,1021
8322,1124
8323,769
8324,767
8325,744
8326,783
8327,779
8328,781
8329,667
8330,757
8331,847
8332,942
8333,835
8334,761
8335,750
8336,867
8337,685
8338,984
8339,671
8340,700
8341,910
8342,736
8343,803
8344,768
8345,813
8346,706
8347,705
8348,732
8349,649
8350,802
8351,678
8352,812
8353,783
8354,652
8355,809
8356,769
8357,704
8358,700
8359,788
8360,674
8361,635
8362,883
8363,766
8364,691
8365,647
8366,773
8367,642
8368,692
8369,765
8370,786
8371,681
8372,787
8373,763
8374,734
8375,655
8376,826
8377,771
8378,726
8379,746
8380,788
8381,692
8382,827
8383,2198
8384,1134
8385,1161
8386,912
8387,909
8388,1210
8389,691
8390,691
8391,734
8392,762
8393,802
8394,712
8395,678
8396,649
8397,663
8398,719
8399,831
8400,1193
8401,944
8402,888
8403,790
8404,1061
8405,799
8406,799
8407,698
8408,813
8409,747
8410,1083
8411,1077
8412,1030
8413,881
8414,770
8415,779
8416,773
8417,844
8418,792
8419,880
8420,1081
8421,1511
8422,1006
8423,944
8424,905
8425,1087
8426,1885
8427,742
8428,905
8429,774
8430,665
8431,907
8432,932
8433,1050
8434,826
8435,680
8436,802
8437,669
8438,541
8439,631
8440,686
8441,757
8442,756
8443,833
8444,872
8445,733
8446,736
8447,807
8448,1189
8449,665
8450,870
8451,801
8452,829
8453,779
8454,882
8455,1020
8456,1086
8457,770
8458,814
8459,745
8460,797
8461,729
8462,1469
8463,855
8464,744
8465,906
8466,891
8467,676
8468,797
8469,793
8470,805
8471,667
8472,990
8473,865
8474,891
8475,883
8476,754
8477,1135
8478,878
8479,919
8480,902
8481,767
8482,999
8483,869
8484,2981
8485,1142
8486,1308
8487,1236
8488,1247
8489,912
8490,910
8491,941
8492,856
8493,666
8494,840
8495,872
8496,658
8497,704
8498,685
8499,763
8500,1177
8501,818
8502,865
8503,842
8504,797
8505,979
8506,659
8507,903
8508,785
8509,727
8510,923
8511,1072
8512,1068
8513,939
8514,828
8515,1067
8516,735
8517,727
8518,645
8519,901
8520,7865
8521,1656
8522,1249
8523,1860
8524,894
8525,1262
8526,910
8527,713
8528,886
8529,849
8530,793
8531,1023
8532,887
8533,950
8534,768
8535,762
8536,784
8537,693
8538,732
8539,652
8540,756
8541,1018
8542,830
8543,915
8544,762
8545,948
8546,887
8547,877
8548,685
8549,722
8550,883
8551,759
8552,971
8553,825
8554,867
8555,1036
8556,785
8557,720
8558,1170
8559,704
8560,845
8561,734
8562,930
8563,851
8564,918
8565,959
8566,786
8567,788
8568,800
8569,1104
8570,708
8571,818
8572,756
8573,757
8574,816
8575,851
8576,736
8577,829
8578,773
8579,790
8580,923
8581,780
8582,925
8583,748
8584,733
8585,3487
8586,1280
8587,1190
8588,1231
8589,1048
8590,964
8591,1078
8592,862
8593,847
8594,661
8595,906
8596,942
8597,742
8598,834
8599,767
8600,958
8601,898
8602,705
8603,855
8604,961
8605,785
8606,788
8607,632
8608,770
8609,690
8610,948
8611,976
8612,1007
8613,791
8614,816
8615,859
8616,792
8617,670
8618,682
8619,724
8620,830
8621,889
8622,844
8623,864
8624,1216
8625,836
8626,762
8627,669
8628,751
8629,769
8630,692
8631,689
8632,825
8633,1138
8634,709
8635,699
8636,639
8637,594
8638,579
8639,601
8640,702
8641,798
8642,2055
8643,776
8644,797
8645,888
8646,802
8647,684
8648,755
8649,603
8650,768
8651,740
8652,728
8653,730
8654,899
8655,827
8656,799
8657,2032
8658,756
8659,703
8660,684
8661,863
8662,787
8663,897
8664,871
8665,942
8666,928
8667,699
8668,1193
8669,1493
8670,576
8671,653
8672,778
8673,655
8674,802
8675,1231
8676,769
8677,949
8678,741
8679,853
8680,692
8681,807
8682,711
8683,821
8684,881
8685,762
8686,2519
8687,1059
8688,1366
8689,1000
8690,1100
8691,1391
8692,740
8693,724
8694,756
8695,860
8696,973
8697,689
8698,762
8699,820
8700,1015
8701,1670
8702,834
8703,879
8704,761
8705,848
8706,938
8707,860
8708,814
8709,760
8710,872
8711,1091
8712,920
8713,905
8714,713
8715,944
8716,751
8717,679
8718,748
8719,831
8720,778
8721,862
8722,778
8723,870
8724,710
8725,733
8726,638
8727,710
8728,673
8729,730
8730,738
8731,816
8732,1486
8733,1002
8734,604
8735,699
8736,616
8737,697
8738,648
8739,751
8740,696
8741,963
8742,861
8743,871
8744,766
8745,934
8746,710
8747,685
8748,686
8749,738
8750,868
8751,774
8752,801
8753,944
8754,951
8755,893
8756,987
8757,1637
8758,1223
8759,787
8760,843
8761,798
8762,954
8763,793
8764,703
8765,1735
8766,759
8767,714
8768,940
8769,1000
8770,820
8771,962
8772,696
8773,680
8774,747
8775,874
8776,795
8777,870
8778,1301
8779,694
8780,740
8781,735
8782,735
8783,856
8784,910
8785,876
8786,841
8787,3250
8788,1483
8789,1289
8790,1061
8791,1350
8792,814
8793,794
8794,746
8795,725
8796,730
8797,902
8798,844
8799,815
8800,1922
8801,1130
8802,1024
8803,953
8804,940
8805,913
8806,874
8807,892
8808,1727
8809,1006
8810,1295
8811,1481
8812,1192
8813,931
8814,1067
8815,895
8816,975
8817,789
8818,1143
8819,916
8820,889
8821,950
8822,1608
8823,1402
8824,934
8825,1053
8826,998
8827,705
8828,1052
8829,810
8830,833
8831,830
8832,852
8833,1100
8834,822
8835,788
8836,761
8837,759
8838,870
8839,690
8840,769
8841,775
8842,863
8843,919
8844,1404
8845,1014
8846,805
8847,753
8848,1771
8849,796
8850,1113
8851,774
8852,1147
8853,797
8854,847
8855,1677
8856,792
8857,704
8858,1030
8859,833
8860,657
8861,850
8862,897
8863,790
8864,1267
8865,698
8866,1622
8867,883
8868,1279
8869,1219
8870,840
8871,816
8872,838
8873,842
8874,821
8875,967
8876,1157
8877,1733
8878,1290
8879,901
8880,1324
8881,1261
8882,942
8883,1046
8884,1068
8885,1160
8886,953
8887,1158
8888,38215
8889,1558
8890,1485
8891,1598
8892,1265
8893,912
8894,862
8895,858
8896,909
8897,1087
8898,1493
8899,3456
8900,1342
8901,1096
8902,1020
8903,1050
8904,1022
8905,930
8906,933
8907,963
8908,957
8909,1077
8910,1795
8911,1154
8912,1080
8913,800
8914,918
8915,804
8916,800
8917,670
8918,757
8919,866
8920,940
8921,991
8922,835
8923,1142
8924,882
8925,883
8926,841
8927,805
8928,837
8929,948
8930,836
8931,813
8932,717
8933,869
8934,691
8935,725
8936,684
8937,664
8938,634
8939,687
8940,777
8941,683
8942,683
8943,720
8944,761
8945,859
8946,741
8947,684
8948,770
8949,751
8950,881
8951,873
8952,928
8953,716
8954,763
8955,790
8956,1142
8957,670
8958,620
8959,778
8960,783
8961,735
8962,688
8963,1128
8964,803
8965,1108
8966,737
8967,893
8968,770
8969,1028
8970,819
8971,857
8972,782
8973,738
8974,854
8975,828
8976,960
8977,955
8978,916
8979,945
8980,844
8981,729
8982,896
8983,778
8984,757
8985,807
8986,862
8987,983
8988,1169
8989,5349
8990,1338
8991,1249
8992,964
8993,995
8994,839
8995,804
8996,784
8997,744
8998,1567
8999,1069
9000,2888
9001,1489
9002,1244
9003,1063
9004,1080
9005,954
9006,893
9007,1262
9008,1025
9009,2924
9010,1213
9011,1180
9012,1223
9013,784
9014,803
9015,908
9016,713
9017,735
9018,815
9019,928
9020,957
9021,1156
9022,973
9023,852
9024,764
9025,894
9026,812
9027,759
9028,782
9029,798
9030,1094
9031,801
9032,748
9033,794
9034,768
9035,695
9036,715
9037,557
9038,649
9039,683
9040,803
9041,735
9042,743
9043,696
9044,702
9045,759
9046,595
9047,577
9048,724
9049,571
9050,1218
9051,742
9052,673
9053,601
9054,758
9055,880
9056,654
9057,561
9058,591
9059,562
9060,872
9061,618
9062,579
9063,647
9064,658
9065,695
9066,704
9067,604
9068,572
9069,675
9070,860
9071,631
9072,646
9073,623
9074,638
9075,745
9076,621
9077,762
9078,847
9079,618
9080,1062
9081,656
9082,729
9083,801
9084,659
9085,802
9086,582
9087,841
9088,1036
9089,827
9090,6123
9091,1201
9092,822
9093,865
9094,775
9095,912
9096,679
9097,779
9098,885
9099,1081
9100,1063
9101,885
9102,820
9103,950
9104,739
9105,701
9106,907
9107,795
9108,833
9109,784
9110,1346
9111,2671
9112,1272
9113,1024
9114,1147
9115,1106
9116,936
9117,888
9118,942
9119,2302
9120,707
9121,953
9122,858
9123,1237
9124,792
9125,960
9126,666
9127,797
9128,974
9129,813
9130,778
9131,825
9132,829
9133,682
9134,719
9135,749
9136,820
9137,1000
9138,589
9139,702
9140,709
9141,836
9142,723
9143,739
9144,926
9145,775
9146,820
9147,758
9148,705
9149,690
9150,818
9151,749
9152,677
9153,698
9154,785
9155,814
9156,720
9157,775
9158,677
9159,738
9160,849
9161,713
9162,642
9163,719
9164,735
9165,633
9166,861
9167,559
9168,745
9169,796
9170,791
9171,999
9172,776
9173,954
9174,750
9175,826
9176,715
9177,831
9178,665
9179,856
9180,930
9181,901
9182,1000
9183,703
9184,751
9185,810
9186,754
9187,794
9188,924
9189,811
9190,876
9191,2417
9192,1114
9193,1066
9194,742
9195,970
9196,855
9197,792
9198,862
9199,1190
9200,968
9201,910
9202,792
9203,789
9204,858
9205,944
9206,790
9207,783
9208,653
9209,730
9210,1185
9211,1373
9212,838
9213,752
9214,799
9215,715
9216,781
9217,732
9218,889
9219,700
9220,904
9221,1028
9222,873
9223,726
9224,879
9225,909
9226,784
9227,794
9228,765
9229,1072
9230,788
9231,809
9232,827
9233,768
9234,717
9235,842
9236,796
9237,854
9238,706
9239,718
9240,758
9241,617
9242,694
9243,668
9244,653
9245,751
9246,727
9247,707
9248,743
9249,571
9250,834
9251,755
9252,708
9253,729
9254,751
9255,888
9256,957
9257,805
9258,774
9259,702
9260,768
9261,700
9262,731
9263,737
9264,670
9265,672
9266,741
9267,688
9268,724
9269,688
9270,811
9271,682
9272,665
9273,661
9274,670
9275,795
9276,746
9277,704
9278,675
9279,755
9280,745
9281,833
9282,746
9283,744
9284,781
9285,648
9286,713
9287,864
9288,910
9289,759
9290,803
9291,787
9292,2116
9293,1165
9294,841
9295,1041
9296,705
9297,807
9298,752
9299,916
9300,954
9301,818
9302,750
9303,747
9304,625
9305,750
9306,566
9307,591
9308,710
9309,755
9310,827
9311,1243
9312,891
9313,739
9314,775
9315,821
9316,745
9317,916
9318,761
9319,735
9320,762
9321,954
9322,827
9323,831
9324,660
9325,763
9326,847
9327,722
9328,652
9329,609
9330,862
9331,804
9332,810
9333,1411
9334,693
9335,825
9336,765
9337,708
9338,640
9339,905
9340,641
9341,576
9342,738
9343,624
9344,597
9345,815
9346,628
9347,658
9348,650
9349,522
9350,787
9351,672
9352,578
9353,710
9354,734
9355,790
9356,710
9357,848
9358,676
9359,516
9360,710
9361,597
9362,735
9363,772
9364,634
9365,748
9366,758
9367,582
9368,633
9369,936
9370,696
9371,864
9372,692
9373,632
9374,685
9375,754
9376,713
9377,777
9378,691
9379,733
9380,782
9381,634
9382,816
9383,758
9384,793
9385,641
9386,670
9387,715
9388,771
9389,597
9390,641
9391,763
9392,772
9393,1909
9394,1229
9395,937
9396,867
9397,820
9398,775
9399,786
9400,1047
9401,781
9402,645
9403,685
9404,790
9405,717
9406,707
9407,658
9408,744
9409,626
9410,911
9411,1011
9412,917
9413,1004
9414,797
9415,737
9416,731
9417,744
9418,646
9419,715
9420,853
9421,656
9422,812
9423,771
9424,678
9425,699
9426,694
9427,568
9428,733
9429,662
9430,643
9431,721
9432,806
9433,807
9434,665
9435,571
9436,691
9437,575
9438,600
9439,650
9440,615
9441,868
9442,699
9443,677
9444,841
9445,810
9446,550
9447,770
9448,881
9449,1034
9450,797
9451,629
9452,724
9453,750
9454,875
9455,960
9456,857
9457,746
9458,699
9459,678
9460,710
9461,710
9462,642
9463,768
9464,808
9465,676
9466,826
9467,594
9468,606
9469,647
9470,602
9471,612
9472,677
9473,679
9474,807
9475,602
9476,810
9477,730
9478,647
9479,770
9480,682
9481,647
9482,825
9483,648
9484,756
9485,800
9486,816
9487,724
9488,810
9489,692
9490,655
9491,902
9492,736
9493,655
9494,1718
9495,989
9496,925
9497,816
9498,873
9499,914
9500,1109
9501,868
9502,834
9503,758
9504,761
9505,766
9506,596
9507,657
9508,748
9509,743
9510,1596
9511,1203
9512,1198
9513,940
9514,1041
9515,956
9516,727
9517,886
9518,681
9519,835
9520,887
9521,880
9522,766
9523,739
9524,759
9525,790
9526,684
9527,8437
9528,579
9529,682
9530,779
9531,797
9532,990
9533,681
9534,795
9535,745
9536,683
9537,737
9538,666
9539,676
9540,636
9541,739
9542,628
9543,693
9544,580
9545,785
9546,765
9547,708
9548,758
9549,678
9550,835
9551,881
9552,851
9553,635
9554,749
9555,892
9556,759
9557,697
9558,594
9559,1156
9560,678
9561,632
9562,711
9563,823
9564,744
9565,770
9566,780
9567,574
9568,784
9569,737
9570,632
9571,763
9572,616
9573,722
9574,662
9575,789
9576,752
9577,777
9578,756
9579,679
9580,765
9581,743
9582,748
9583,604
9584,731
9585,846
9586,738
9587,684
9588,814
9589,801
9590,763
9591,1000
9592,772
9593,669
9594,670
9595,2248
9596,874
9597,985
9598,1092
9599,877
9600,1045
9601,842
9602,797
9603,680
9604,790
9605,629
9606,755
9607,638
9608,723
9609,694
9610,849
9611,905
9612,781
9613,719
9614,834
9615,706
9616,706
9617,612
9618,640
9619,585
9620,680
9621,942
9622,747
9623,742
9624,700
9625,671
9626,825
9627,607
9628,567
9629,531
9630,1446
9631,1008
9632,1994
9633,1065
9634,727
9635,802
9636,925
9637,643
9638,995
9639,768
9640,768
9641,869
9642,768
9643,717
9644,961
9645,738
9646,634
9647,590
9648,677
9649,517
9650,601
9651,647
9652,783
9653,918
9654,1019
9655,731
9656,750
9657,594
9658,851
9659,669
9660,719
9661,715
9662,727
9663,1168
9664,815
9665,660
9666,854
9667,586
9668,683
9669,1633
9670,570
9671,705
9672,749
9673,679
9674,737
9675,774
9676,796
9677,708
9678,792
9679,719
9680,688
9681,667
9682,645
9683,655
9684,757
9685,780
9686,789
9687,792
9688,777
9689,615
9690,863
9691,1150
9692,726
9693,743
9694,696
9695,752
9696,3321
9697,1001
9698,1078
9699,1025
9700,931
9701,979
9702,765
9703,689
9704,827
9705,695
9706,650
9707,753
9708,792
9709,674
9710,887
9711,954
9712,822
9713,966
9714,817
9715,697
9716,578
9717,605
9718,606
9719,570
9720,717
9721,765
9722,707
9723,640
9724,888
9725,694
9726,676
9727,619
9728,595
9729,624
9730,770
9731,994
9732,591
9733,816
9734,640
9735,695
9736,679
9737,631
9738,536
9739,499
9740,642
9741,757
9742,694
9743,655
9744,724
9745,726
9746,607
9747,724
9748,534
9749,589
9750,726
9751,774
9752,796
9753,1334
9754,765
9755,666
9756,683
9757,712
9758,613
9759,740
9760,756
9761,680
9762,681
9763,664
9764,689
9765,836
9766,781
9767,654
9768,1967
9769,753
9770,685
9771,782
9772,620
9773,710
9774,697
9775,664
9776,802
9777,931
9778,693
9779,1222
9780,703
9781,729
9782,643
9783,715
9784,756
9785,900
9786,914
9787,852
9788,931
9789,761
9790,712
9791,1198
9792,591
9793,779
9794,564
9795,690
9796,703
9797,1887
9798,933
9799,908
9800,1489
9801,1127
9802,846
9803,751
9804,777
9805,679
9806,732
9807,822
9808,831
9809,861
9810,931
9811,1012
9812,1149
9813,651
9814,705
9815,630
9816,682
9817,681
9818,804
9819,743
9820,937
9821,1094
9822,758
9823,763
9824,763
9825,771
9826,614
9827,608
9828,638
9829,669
9830,581
9831,671
9832,816
9833,711
9834,746
9835,607
9836,627
9837,773
9838,651
9839,561
9840,727
9841,832
9842,771
9843,672
9844,822
9845,820
9846,572
9847,629
9848,750
9849,665
9850,688
9851,681
9852,1018
9853,811
9854,1036
9855,847
9856,1139
9857,720
9858,715
9859,675
9860,735
9861,642
9862,741
9863,677
9864,739
9865,900
9866,776
9867,836
9868,651
9869,756
9870,1132
9871,1203
9872,850
9873,841
9874,2096
9875,1094
9876,11862
9877,1153
9878,1097
9879,960
9880,850
9881,809
9882,662
9883,655
9884,791
9885,722
9886,914
9887,1019
9888,894
9889,1555
9890,1013
9891,1258
9892,666
9893,729
9894,657
9895,825
9896,742
9897,928
9898,4230
9899,1483
9900,2607
9901,1023
9902,860
9903,916
9904,1033
9905,862
9906,902
9907,799
9908,1027
9909,1326
9910,892
9911,1764
9912,969
9913,943
9914,722
9915,752
9916,719
9917,695
9918,848
9919,1039
9920,800
9921,838
9922,1097
9923,870
9924,853
9925,899
9926,667
9927,729
9928,784
9929,788
9930,671
9931,712
9932,717
9933,1105
9934,746
9935,754
9936,843
9937,643
9938,782
9939,727
9940,542
9941,667
9942,760
9943,664
9944,946
9945,788
9946,740
9947,625
9948,726
9949,879
9950,717
9951,736
9952,647
9953,879
9954,731
9955,1345
9956,876
9957,661
9958,808
9959,1036
9960,776
9961,696
9962,738
9963,900
9964,856
9965,815
9966,1932
9967,807
9968,767
9969,1333
9970,838
9971,799
9972,628
9973,775
9974,796
9975,792
9976,761
9977,1417
9978,914
9979,1057
9980,914
9981,2017
9982,930
9983,687
9984,769
9985,903
9986,939
9987,1336
9988,3468
9989,1746
9990,1566
9991,1524
9992,839
9993,1045
9994,736
9995,1034
9996,965
9997,945
9998,1364
9999,39079
